10
1137
856
0
10
10
10
0
0
0
10
10
40
195
10
0
0
10
80
0
0
0
10
10
10
0
10
0
10
0
10
1420
0
0
10
10
0
20
0
0
0
10
0
10
10
130
0
30
10
20
30
216
34
30
20
70
10
384
10
10
10
10
10
100
8363
10
10
0
0
0
0
10
0
0
0
10
0
0
228
10
10
0
0
10
0
0
0
10
0
0
10
0
10
0
0
0
10
0
22
0
0
10
0
10
0
10
0
0
0
10
0
0
10
0
10
0
0
10
814
10
0
0
0
0
10
0
0
0
0
10
0
10
10
0
0
10
0
0
10
0
10
0
0
0
10
0
0
10
0
0
10
0
0
10
10
10
0
10
0
10
10
0
0
10
10
0
0
10
0
0
0
0
0
10
0
0
0
0
10
0
10
0
0
10
0
0
10
0
0
10
0
0
10
0
0
10
0
0
10
0
0
10
10
210
20
0
10
10
0
0
10
0
0
10
0
25
10
0
0
10
0
10
0
20
0
10
0
10
0
10
0
0
10
0
0
10
0
0
10
0
0
10
0
0
0
0
10
0
0
0
10
0
10
0
25
10
10
0
0
10
0
0
10
0
10
0
0
10
0
0
0
10
0
0
10
0
0
10
21
10
55
0
10
10
0
0
10
0
45
0
35
50
20
10
0
20
10
0
20
0
10
0
10
0
10
0
41
10
10
0
10
44
20
36
10
10
30
20
536
727
10
10
0
0
10
10
0
10
0
0
0
0
10
0
10
137
285
15
10
0
10
0
10
0
0
10
0
10
10
0
0
10
0
0
10
0
0
10
0
0
0
10
0
10
0
10
0
0
10
0
10
0
10
0
0
10
0
85
10
10
0
0
10
0
10
0
10
0
0
10
12
10
0
10
0
0
10
0
0
0
10
0
10
0
0
0
10
40
0
0
10
0
0
10
0
10
0
10
0
10
10
0
0
0
0
10
0
10
10
0
0
0
10
10
0
10
0
0
10
0
0
10
0
10
10
10
0
10
0
0
0
10
0
10
0
10
10
0
10
0
10
25
0
0
10
0
10
0
0
0
10
0
10
0
0
10
0
0
10
0
0
10
0
10
10
0
0
10
0
10
0
0
0
10
10
0
25
0
10
0
0
10
0
0
0
0
25
0
20
10
0
0
0
10
10
0
0
10
0
10
0
10
10
0
0
10
0
10
10
0
0
10
0
10
0
0
11
52
10
10
10
0
10
10
0
10
0
0
10
10
10
0
10
0
10
11
0
0
0
0
10
10
0
0
10
0
0
10
0
0
10
10
10
0
10
0
0
10
0
10
0
10
0
0
0
10
10
0
10
0
0
10
76
10
12
10
0
0
10
0
0
0
10
0
0
10
10
0
0
10
0
10
0
0
0
10
0
0
10
0
10
0
0
0
0
10
0
10
0
10
0
0
0
13
20
10
0
0
0
20
0
10
0
10
10
0
0
0
10
0
0
10
0
0
0
10
0
10
10
0
0
0
10
0
0
20
0
0
0
10
0
0
0
0
20
0
0
10
0
0
0
20
20
10
10
10
0
0
10
230
0
0
9
0
0
0
0
10
0
0
0
0
10
0
0
0
0
25
0
10
0
0
0
0
10
0
0
10
0
10
10
0
10
0
0
0
0
10
0
10
0
10
0
0
10
0
0
0
0
0
0
10
0
0
0
10
0
10
0
0
10
0
10
0
0
0
0
0
10
0
10
20
0
0
10
0
0
0
0
10
0
10
0
0
10
0
10
0
0
0
0
10
0
0
10
10
10
0
0
10
0
0
0
10
0
0
10
0
10
0
0
0
10
0
0
0
11
0
10
0
0
0
0
20
0
0
10
20
0
0
10
0
0
0
10
0
10
0
0
9
0
0
0
0
25
0
0
10
0
0
10
10
0
0
10
0
0
10
20
0
0
0
10
0
10
0
0
10
10
0
10
0
20
10
20
10
10
0
20
35
20
0
0
28
24
10
10
10
0
20
30
25
10
0
0
0
0
10
0
10
10
0
0
0
10
0
0
10
0
10
0
0
0
10
0
10
0
0
10
0
0
10
0
10
0
10
0
0
0
0
0
10
0
0
10
0
10
0
0
10
0
0
10
0
0
0
0
10
0
0
10
0
0
10
0
0
10
0
0
0
10
0
0
10
0
10
0
0
0
10
0
0
10
0
0
0
10
0
10
10
0
0
0
10
0
0
10
0
0
10
0
0
0
10
0
0
0
10
0
0
0
10
0
10
0
10
55
10
0
0
10
10
26
10
12
10
10
0
121
55
10
10
0
10
14
14
10
12
10
10
15
25
0
25
11
10
0
10
70
0
86
10
0
10
10
0
10
10
13
25
56
10
0
58
10
10
0
0
14
12
10
10
25
0
0
10
0
25
40
40
10
29
70
26
25
35
0
10
41
90
50
10
10
0
10
10
25
25
10
29
10
370
401
254
25
0
10
0
0
10
0
10
0
10
0
10
0
0
10
0
10
0
10
0
0
10
0
10
0
10
0
0
10
0
25
0
10
0
0
15
70
10
0
30
53
0
10
97
0
13
40
135
55
208
10
100
10
10
10
0
29
10
0
27
56
10
10
10
55
115
0
0
10
10
0
11
10
22
10
40
27
11
35
0
0
15
10
10
10
10
25
10
11
55
10
0
40
28
25
185
0
40
0
155
10
136
70
61
10
35
27
50
146
25
30
25
25
140
0
10
0
10
10
309
10
280
0
30
10
0
0
10
0
0
10
0
0
0
0
10
0
10
0
0
10
0
25
0
10
10
25
10
464
10
10
0
0
0
10
0
10
10
10
0
0
10
0
10
0
0
10
12
22
25
15
10
25
25
70
10
0
0
0
10
10
10
55
13
11
10
40
20
0
10
0
10
11
25
25
10
10
10
0
13
10
25
30
10
546
10
10
0
10
10
10
0
0
0
0
10
10
0
0
10
0
10
0
10
0
0
10
0
0
10
0
25
29
10
10
0
10
10
10
0
10
10
50
20
80
10
10
0
25
205
10
25
0
0
0
10
0
10
0
10
0
0
10
10
0
0
10
0
10
0
10
0
10
0
10
0
0
10
10
10
10
0
10
10
0
10
0
10
20
0
0
0
20
10
0
0
0
0
10
10
20
0
0
210
10
0
10
0
0
0
0
25
10
0
0
0
10
0
81
10
0
0
0
10
0
10
0
0
10
0
0
10
10
0
0
10
10
0
0
0
20
0
0
10
10
0
10
0
15
10
0
0
134
10
40
10
10
10
0
0
0
10
0
10
10
30
0
10
35
10
170
0
10
22
10
0
10
0
0
10
0
0
10
0
0
10
0
10
0
10
0
0
20
10
10
0
0
0
0
0
10
0
0
0
10
0
0
30
0
10
20
23
10
0
10
10
0
10
10
20
10
10
10
0
10
10
0
56
10
0
10
10
0
20
0
20
10
10
20
10
35
0
30
0
20
20
10
30
0
0
10
0
0
40
10
0
10
0
20
30
10
32
30
10
0
55
10
10
20
20
586
10
30
0
10
0
0
0
10
0
0
0
10
0
20
0
0
0
0
0
10
0
10
10
0
0
10
10
10
0
30
40
0
10
45
10
0
0
80
0
10
0
10
0
10
275
10
10
55
213
60
10
10
10
0
10
0
10
11
10
25
0
0
10
0
50
10
10
40
25
74
90
0
0
25
162
101
70
43
267
10
55
10
10
57
26
15
10
130
43
70
14
10
0
41
85
10
58
40
40
630
10
0
10
10
0
0
0
10
0
0
10
0
0
0
0
10
0
10
0
10
0
10
0
0
10
0
10
0
10
460
10
10
0
280
326
43
25
280
44
70
130
145
10
0
10
40
0
0
26
40
10
25
10
10
155
25
55
70
56
10
115
100
25
65
10
10
0
104
25
10
40
12
73
10
10
295
12
59
10
0
10
0
10
0
10
0
10
12
10
25
0
55
10
89
10
0
10
119
10
10
10
0
10
10
0
10
13
25
30
70
10
85
0
10
0
10
0
55
0
14
85
10
10
10
12
10
225
10
10
0
10
10
29
70
10
0
10
58
35
130
10
25
0
10
0
25
10
10
70
10
10
0
20
71
10
55
25
10
10
22
35
10
36
10
0
10
10
78
0
10
0
10
14
55
30
30
10
21
35
10
10
25
100
10
0
25
0
25
35
0
25
55
10
20
10
30
25
40
25
65
35
0
10
0
10
0
40
169
12
10
0
10
10
10
0
64
10
72
10
25
0
39
0
25
10
14
12
55
40
120
10
10
10
10
25
10
10
42
25
85
0
10
10
0
10
40
0
10
25
42
111
10
65
0
0
0
25
125
0
0
126
10
0
0
10
11
10
20
10
35
10
10
25
20
10
60
10
0
35
10
0
10
0
10
0
10
10
20
0
10
20
0
30
45
40
50
30
20
20
20
20
10
