10
0
10
0
0
0
0
10
0
10
0
0
0
0
0
0
10
0
0
25
0
0
10
0
0
10
0
0
10
0
0
10
70
0
10
0
10
0
0
10
0
0
10
10
0
10
0
10
494
20
62
0
12
10
251
20
50
20
146
31
137
20
10
10
25
25
0
10
31
10
10
40
10
33
10
106
10
120
10
0
50
205
187
10
56
20
72
91
30
30
0
75
77
10
10
0
10
0
0
0
60
0
0
10
0
10
0
10
10
0
0
0
10
0
50
10
0
10
0
0
0
10
20
20
10
10
0
30
0
0
0
10
10
0
10
0
0
20
10
0
0
0
10
0
0
0
10
10
0
0
0
0
0
10
0
10
0
0
0
0
10
0
0
20
0
0
0
10
0
0
0
20
0
0
10
0
0
0
0
10
10
0
0
30
32
30
20
20
10
140
10
141
10
115
40
20
10
0
10
51
30
20
355
555
25
10
0
10
0
0
10
50
10
0
10
0
10
20
0
10
11
0
10
0
0
10
20
10
10
30
40
10
30
0
70
30
0
10
25
10
10
0
27
24
38
30
10
10
54
45
97
10
10
167
30
45
55
0
12
95
21
59
25
51
56
65
40
10
10
294
0
15
10
41
10
55
30
91
25
120
38
76
55
122
65
11
95
25
25
10
60
35
102
86
55
0
10
25
0
10
0
29
25
55
25
10
10
25
0
10
10
28
15
25
25
10
10
41
21
0
27
35
10
10
22
0
10
10
25
158
25
10
10
0
10
0
10
10
10
10
40
10
10
0
20
10
0
20
10
0
0
0
10
10
0
10
13
22
41
10
33
20
10
52
0
40
0
10
10
59
20
0
10
0
20
20
10
10
0
202
35
20
50
31
0
43
10
30
40
20
0
10
10
10
10
10
10
10
10
10
10
0
35
40
0
10
45
0
10
10
12
10
20
51
10
10
10
55
12
20
40
10
0
20
30
0
24
10
20
10
51
10
10
66
30
40
50
30
10
20
30
21
53
40
20
108
120
10
20
425
20
0
21
20
10
10
228
20
10
55
25
12
36
80
50
10
10
0
10
10
20
10
20
10
10
10
35
10
56
10
55
10
0
50
10
10
0
12
33
10
0
80
25
20
45
22
10
0
10
0
0
20
10
0
0
176
20
295
212
10
20
296
0
207
232
25
22
10
167
55
166
263
61
225
25
41
245
0
12
130
381
74
10
310
70
41
130
10
25
10
10
40
284
715
176
10
25
205
10
0
10
313
461
282
10
10
0
0
0
10
0
0
0
10
0
0
10
0
10
0
0
10
0
0
10
0
0
10
0
0
10
0
0
10
0
0
10
0
55
10
0
10
0
0
10
0
10
0
10
0
10
10
90
33
71
10
10
300
610
10
40
10
10
10
0
25
524
10
360
168
693
175
130
355
641
40
20
100
135
108
20
130
420
10
0
0
10
0
0
0
10
0
10
0
0
0
10
0
10
0
0
10
0
0
10
0
0
10
0
0
10
0
0
10
0
10
121
20
10
10
204
95
26
10
225
50
0
10
0
10
20
375
120
426
0
10
0
10
30
10
0
0
10
100
565
0
10
0
10
0
10
10
0
10
0
55
0
10
0
0
0
12
12
20
0
11
0
70
0
10
259
30
10
145
10
0
301
10
0
10
0
10
0
0
10
10
0
0
0
0
0
10
0
0
10
0
10
0
0
0
10
0
10
0
0
0
10
0
10
0
10
0
11
0
0
0
10
0
0
10
0
10
0
0
0
10
0
0
10
0
0
10
0
10
0
0
0
10
0
10
0
0
10
0
0
0
10
0
0
10
0
10
0
0
10
0
0
10
0
0
10
10
0
0
0
10
0
10
0
0
0
10
0
0
10
0
0
10
0
0
0
10
0
0
0
10
0
0
10
0
0
10
0
0
10
0
0
10
0
0
10
0
0
10
0
0
10
0
0
0
0
10
10
0
0
10
0
0
10
0
0
10
0
0
10
0
0
10
0
0
0
10
0
10
0
10
0
0
0
10
0
10
0
0
10
0
0
10
0
0
10
0
10
0
0
10
0
0
0
0
10
0
10
0
0
10
0
0
10
0
10
0
0
0
10
0
10
0
0
0
10
0
10
0
0
10
0
0
10
0
0
0
10
0
10
0
0
10
0
10
0
39
10
10
10
10
10
0
0
10
0
0
10
0
10
0
10
0
0
0
10
0
0
10
0
10
0
0
0
10
0
10
0
0
0
10
0
0
0
0
10
0
10
0
0
10
0
0
10
0
0
10
0
0
10
0
10
0
10
0
0
10
0
0
0
0
10
0
0
10
0
10
0
0
10
0
0
10
0
10
10
0
0
10
0
0
10
0
0
10
0
10
10
0
0
0
10
0
0
0
10
0
0
10
0
0
10
0
0
10
0
0
10
0
0
10
0
0
0
10
0
10
0
0
0
10
0
0
0
10
0
10
0
0
0
10
0
0
0
10
0
0
10
0
0
0
10
0
0
10
0
0
10
10
0
0
0
0
10
0
0
0
0
0
10
0
0
0
0
10
0
0
0
10
10
0
10
0
15
10
15
25
40
10
25
25
25
14
56
27
10
0
10
0
0
10
0
0
10
0
10
0
10
0
0
10
0
0
0
10
0
0
10
0
0
10
0
0
10
0
11
0
0
0
0
10
0
10
0
0
10
0
0
10
0
10
0
0
10
0
0
0
10
0
0
10
0
0
10
0
0
0
0
10
0
10
0
0
10
0
0
0
10
0
10
0
0
10
0
0
10
0
0
0
10
0
10
0
10
0
0
0
10
0
10
0
0
10
0
0
10
0
10
10
0
0
0
10
0
0
0
0
0
10
0
10
0
0
0
10
0
10
0
10
0
0
0
10
0
0
0
10
0
0
10
0
10
0
0
10
0
10
0
0
0
0
10
0
10
10
0
0
40
0
0
10
0
0
0
0
0
60
0
0
0
10
0
0
0
0
0
10
0
0
10
0
0
0
0
0
10
0
0
10
10
10
10
10
0
0
20
10
10
0
0
10
0
0
20
20
10
10
30
10
30
30
10
0
0
40
60
10
70
10
14
10
10
10
0
10
48
10
74
10
20
10
40
10
10
0
0
10
0
0
10
10
10
0
14
10
0
10
0
10
10
10
10
0
10
10
23
40
20
10
20
10
0
21
10
0
20
10
0
0
40
0
0
0
0
10
10
20
20
10
62
30
342
767
542
0
66
611
995
156
469
612
30
0
0
0
10
146
0
0
10
0
11
10
0
0
10
0
0
10
0
0
0
0
11
0
10
0
10
0
0
0
0
10
0
10
0
0
10
0
0
0
10
0
0
10
0
10
0
0
0
10
10
10
0
0
0
0
10
0
0
0
10
0
0
0
0
10
0
11
0
10
10
0
0
0
10
0
10
0
10
0
10
0
0
0
20
10
40
0
25
10
0
0
0
0
10
0
0
10
0
10
0
10
0
0
0
10
10
0
0
0
10
0
32
0
8
0
0
0
0
0
0
0
0
0
10
0
0
10
0
0
0
0
20
10
20
0
0
34
10
0
0
0
10
30
0
9
0
0
0
0
0
0
20
116
10
0
75
0
0
0
10
0
10
10
0
0
0
10
0
0
10
0
0
0
0
10
0
20
0
0
10
0
30
20
10
0
0
20
0
0
0
0
10
0
0
11
0
0
20
10
135
10
10
20
0
20
0
0
0
0
10
0
0
10
0
0
10
0
0
0
10
20
0
0
0
10
0
0
0
10
0
0
0
10
0
0
0
40
10
0
30
20
0
10
0
20
65
30
95
97
20
10
0
0
20
0
0
0
10
0
0
0
10
10
20
0
0
10
0
0
0
0
10
0
0
10
0
0
0
10
0
0
10
0
0
10
0
20
10
0
0
10
0
0
10
0
0
10
0
20
0
0
0
10
0
10
0
56
60
127
10
20
10
30
10
10
45
10
45
10
10
40
0
20
0
10
0
10
0
10
10
0
0
10
0
0
10
0
0
0
0
10
0
10
0
10
10
0
0
0
10
0
10
0
0
0
21
0
10
0
0
0
10
10
10
0
0
0
0
10
0
0
10
10
0
0
0
0
0
10
10
0
10
0
0
0
0
0
10
0
10
0
0
0
0
0
10
10
0
0
0
10
0
0
20
0
20
0
0
10
0
428
0
10
10
10
0
0
0
10
0
10
10
307
10
0
10
0
0
10
0
10
0
0
10
10
10
0
10
0
0
0
0
10
0
10
0
10
0
10
30
10
25
100
10
82
105
10
10
10
0
10
0
0
0
0
0
10
0
0
0
10
0
0
10
0
0
10
11
30
0
0
0
10
0
0
0
10
0
0
0
10
0
10
0
10
10
20
0
0
10
0
0
0
10
0
10
0
0
10
0
0
10
0
10
141
20
40
10
20
101
75
0
180
0
10
23
0
30
0
12
10
0
10
10
277
60
25
72
51
196
125
20
30
41
10
54
10
60
30
60
195
0
0
10
30
30
103
10
210
10
10
151
10
0
31
60
70
30
60
0
30
0
120
10
20
20
20
20
101
40
71
0
51
10
10
10
30
121
60
40
62
20
10
10
20
10
0
10
10
0
30
10
10
10
27
360
10
115
30
105
71
94
40
122
55
43
181
90
100
273
85
205
40
115
100
101
25
148
913
10
10
10
0
0
0
10
0
0
0
0
10
0
0
0
0
10
10
0
56
25
179
55
40
0
116
85
0
25
100
55
40
25
40
0
10
10
13
25
175
27
25
115
10
41
56
28
71
101
10
85
85
86
10
10
25
10
25
25
0
40
70
55
10
10
55
0
29
115
10
40
25
10
15
25
40
10
0
27
86
40
70
57
10
10
25
10
25
0
10
28
10
30
103
26
145
40
130
60
340
56
14
40
15
10
10
0
11
10
13
85
90
14
177
58
162
57
100
103
58
26
285
42
40
25
55
12
220
0
26
25
11
25
10
10
25
10
40
0
13
40
27
11
43
10
10
0
10
40
176
10
55
25
0
25
0
25
10
25
0
40
11
55
410
25
10
0
10
0
10
0
0
0
0
10
0
0
10
0
10
25
43
55
13
135
0
10
0
29
10
10
55
25
10
10
10
25
25
25
10
25
10
70
13
27
25
0
10
