30
10
40
10
43
22570
335
10
25
0
0
10
0
10
0
0
10
0
0
10
10
0
153
183
0
12
2203
10
0
10
0
10
0
0
0
0
0
0
10
0
0
0
0
10
0
0
10
0
10
0
0
0
10
10
0
0
0
10
0
0
0
0
10
10
10
10
10
415
35
10
0
0
0
0
0
0
0
0
10
0
0
0
10
0
10
0
0
10
0
0
0
10
0
0
0
0
10
0
0
0
10
0
0
0
0
0
0
10
0
0
10
0
0
0
10
0
10
10
0
0
0
10
0
0
0
10
0
0
10
10
0
0
10
0
10
0
0
0
0
10
0
0
10
0
0
0
10
0
0
10
0
10
0
0
0
10
0
10
0
0
10
0
0
0
10
10
0
0
10
0
0
10
0
0
10
0
10
0
0
10
10
10
0
20
0
35
45
55
12
10
20
0
10
42
10
10
40
10
0
10
45
25
38
10
13
20
0
10
10
0
10
10
13
10
0
0
10
10
0
0
10
10
25
25
35
0
35
20
10
10
10
96
0
0
10
0
0
0
0
0
10
10
0
0
10
0
0
10
0
10
10
0
10
20
10
105
0
30
145
35
0
10
0
0
12
14
455
10
10
212
291
0
0
10
10
0
20
0
0
0
10
0
0
0
10
0
0
0
10
0
0
10
0
10
10
0
10
53
10
0
10
10
10
0
10
10
0
10
0
0
10
0
20
0
58
10
20
0
10
0
10
0
10
0
0
20
10
10
10
10
10
10
10
0
30
71
0
0
549
20
25
11
10
0
10
0
25
0
10
52
10
0
10
10
90
60
10
10
10
0
10
1303
703
10
24
20
0
0
0
10
0
0
0
10
0
0
0
10
0
0
0
10
0
0
10
0
0
10
0
0
10
0
0
10
0
0
10
0
10
0
0
10
0
10
10
0
10
10
0
0
10
0
10
0
0
0
0
10
10
0
0
10
0
0
399
40
10
10
10
72
15
10
10
0
10
0
10
0
10
0
0
40
0
10
0
10
0
10
0
0
10
0
0
50
11
20
0
0
10
0
10
10
0
11
10
10
0
10
1181
10
10
10
0
10
0
0
10
0
0
0
10
0
0
0
0
10
0
0
0
10
0
0
0
0
10
0
10
0
0
10
0
10
0
0
0
10
0
0
10
0
0
10
0
10
0
10
0
10
0
377
0
85
25
0
10
0
10
10
0
10
0
0
10
0
10
0
10
0
12
11
10
10
0
10
0
10
0
10
0
10
0
10
10
0
0
10
10
10
0
0
10
0
10
0
10
0
47
10
10
0
0
10
10
595
0
0
10
0
0
14
10
10
0
10
0
0
10
0
0
0
0
10
0
0
0
10
0
0
10
0
0
10
0
0
10
0
10
0
0
0
10
0
0
10
0
0
10
0
10
0
10
0
57
10
0
10
0
0
10
0
0
0
0
10
0
0
10
0
0
0
0
11
0
0
0
10
0
0
0
10
0
0
0
0
0
10
0
0
0
0
0
10
0
0
10
0
10
0
0
10
0
0
0
10
0
10
0
0
0
10
0
0
10
10
0
0
10
0
10
10
0
0
0
10
0
0
0
0
10
0
0
10
0
10
0
0
0
10
0
0
10
0
10
0
0
10
0
0
10
0
0
10
0
0
10
0
10
0
0
10
0
10
0
0
0
10
0
0
10
0
10
0
0
0
10
0
10
0
0
10
0
0
0
10
0
10
0
10
0
0
10
0
0
10
0
0
0
10
0
0
10
10
0
0
10
0
10
0
10
0
10
0
0
0
10
0
0
0
10
0
0
10
0
0
10
0
10
0
0
10
0
0
10
0
0
10
0
0
10
0
0
10
0
0
10
0
46
10
0
0
20
0
10
20
20
0
10
0
0
10
0
30
0
0
10
0
10
40
10
0
10
0
0
10
10
25
10
12
10
11
10
0
0
0
10
25
10
10
0
10
0
0
10
0
40
10
0
10
0
0
10
10
0
10
10
0
10
10
0
0
10
0
10
10
10
10
10
0
25
10
10
10
0
10
10
40
25
10
10
0
0
10
0
0
10
0
10
0
10
0
25
0
0
10
0
10
0
0
25
0
10
10
25
10
0
10
0
25
0
10
0
10
0
10
0
0
11
20
0
0
0
10
0
0
0
10
10
10
10
0
10
10
0
10
55
10
0
10
0
0
10
0
0
10
10
10
0
10
0
10
0
0
10
0
42
10
0
10
0
10
0
10
0
10
10
25
0
0
10
0
10
0
10
0
0
0
15
10
70
25
55
10
0
10
0
10
10
13
10
10
0
10
0
10
27
10
25
10
0
0
10
0
0
10
0
10
0
10
0
10
0
40
10
0
10
0
10
26
0
10
0
0
10
0
10
10
25
35
0
10
0
10
28
10
0
11
10
0
10
0
56
152
2517
0
10
0
0
10
0
10
0
0
0
0
0
0
0
10
0
0
0
10
0
0
0
0
0
10
0
0
0
0
10
0
0
0
10
0
0
0
10
0
0
10
10
0
10
0
0
0
0
0
10
0
0
10
0
10
0
0
10
0
10
0
0
0
0
10
0
10
0
10
0
0
10
0
0
0
10
0
0
10
0
0
0
0
0
10
0
10
10
0
10
0
0
10
0
0
0
0
10
10
0
0
0
0
10
10
0
10
0
0
0
0
0
0
10
10
0
0
10
0
0
10
0
10
0
0
10
0
0
10
10
0
0
0
0
0
10
0
10
0
0
10
0
0
10
0
0
0
0
10
10
0
10
10
0
10
0
0
10
0
0
10
0
0
0
10
0
0
10
0
10
0
0
0
10
0
0
10
0
10
0
0
10
0
0
10
0
10
0
0
10
0
0
0
10
0
0
0
10
0
0
10
0
10
0
0
10
0
0
10
0
0
20
0
0
0
0
10
0
0
0
10
0
0
10
20
0
0
10
0
0
10
0
10
0
0
10
0
10
0
0
0
10
0
0
0
10
10
0
0
10
0
0
0
10
10
0
10
10
0
0
0
0
0
10
0
10
0
0
11
0
0
0
10
0
0
10
0
10
0
0
0
10
10
0
10
0
0
0
10
0
10
0
0
0
10
0
0
10
0
10
0
10
0
0
0
10
0
10
0
10
10
0
10
0
10
0
10
0
0
10
0
10
0
10
10
20
40
10
11
10
0
10
10
0
50
10
10
10
0
10
0
10
0
10
0
0
10
0
0
10
0
10
0
10
0
0
10
0
0
10
10
10
0
0
10
0
0
10
0
10
0
0
0
10
0
10
0
0
10
0
0
10
0
0
10
0
0
10
0
0
10
0
10
10
0
0
25
0
10
20
20
0
0
0
10
10
20
20
0
20
0
30
0
0
20
0
10
10
10
0
10
30
0
10
0
0
25
0
0
0
30
20
0
0
10
0
20
50
25
10
30
20
31
0
30
55
10
10
40
56
14
115
0
0
10
14
10
10
44
25
25
10
10
10
10
25
55
0
10
25
10
10
10
40
10
40
25
25
10
80
10
0
25
10
10
40
25
70
10
0
10
0
10
0
10
40
10
0
10
41
0
10
10
20
0
10
0
0
10
25
115
25
10
0
10
40
0
0
10
0
30
25
10
10
10
27
66
0
0
25
250
0
10
0
10
28
45
11
10
0
10
0
10
0
10
25
25
25
14
28
10
10
0
0
10
10
0
10
39
10
10
0
10
0
10
0
10
0
0
0
10
0
10
0
10
0
10
0
10
0
0
10
0
25
0
10
0
0
10
0
10
0
10
0
10
0
0
10
0
10
0
10
0
0
0
11
0
0
0
10
0
0
10
10
0
0
10
10
10
0
0
0
40
10
0
10
0
10
20
10
0
0
10
0
25
50
0
10
0
10
0
10
26
10
10
0
10
0
10
0
10
0
10
0
10
0
10
0
0
10
0
0
0
10
0
0
35
10
0
10
20
20
0
10
0
10
10
0
10
10
0
10
10
0
10
0
0
10
0
10
0
0
10
10
0
0
10
0
0
10
0
10
10
10
0
0
0
20
0
0
20
10
0
20
0
25
10
10
0
20
0
0
10
10
0
11
20
0
65
0
10
0
10
40
20
40
20
0
10
45
40
20
20
20
10
253
30
10
10
0
0
10
0
0
0
0
10
70
95
20
10
20
0
40
0
20
20
0
20
0
10
20
20
0
0
0
0
10
20
20
0
0
0
30
0
25
0
0
10
0
0
0
20
0
20
10
10
0
10
0
0
10
30
10
61
0
10
0
10
10
0
0
35
0
25
10
10
0
10
0
10
0
0
10
10
0
10
10
0
10
10
10
0
10
327
0
10
10
25
10
10
10
10
10
10
20
10
10
0
0
10
0
10
0
10
0
10
0
0
0
25
0
55
10
10
0
0
10
10
10
10
0
0
13
10
20
0
0
10
0
0
10
0
10
0
10
0
25
10
0
10
0
10
0
10
0
10
10
13
10
10
20
10
10
0
20
10
40
0
322
14
14
10
10
0
10
10
10
0
10
0
11
10
0
10
0
10
10
0
10
0
10
10
0
10
10
10
0
10
0
0
10
10
0
0
10
20
20
0
10
10
0
0
0
10
0
10
0
0
10
0
0
0
25
20
0
84
233
0
0
10
0
10
30
20
0
10
0
10
45
20
10
10
20
10
0
10
20
0
0
20
10
10
0
0
0
10
10
0
10
0
0
10
20
0
10
0
0
0
0
0
10
10
0
0
0
0
30
0
40
40
0
10
0
10
40
0
10
0
20
40
0
30
30
10
10
30
40
20
10
0
15
25
65
125
10
10
10
25
10
10
55
30
10
10
15
65
13
10
0
10
0
0
10
10
0
10
0
10
0
10
0
0
10
10
71
0
40
55
10
0
10
25
0
10
0
10
10
0
10
0
10
0
0
10
0
10
0
25
0
10
10
10
0
20
10
0
10
10
10
0
10
0
0
31
0
10
10
10
0
0
10
10
10
0
10
10
30
0
10
10
10
30
10
30
40
10
20
10
0
30
10
10
20
0
10
20
10
0
10
0
21
50
30
20
0
10
10
87
0
10
10
26
20
10
25
10
35
10
50
10
0
10
10
20
0
0
35
0
55
0
10
10
65
10
11
25
0
0
25
10
20
10
0
10
10
13
56
10
10
0
10
0
0
10
0
10
20
10
0
10
0
24
0
35
20
0
0
10
0
0
0
10
20
20
0
0
0
0
10
0
0
20
0
0
10
0
0
20
10
10
20
20
0
0
0
10
0
0
20
0
20
20
30
40
20
0
0
321
1651
20
0
0
10
0
0
0
10
0
0
0
10
0
0
0
0
10
0
0
0
0
0
10
0
0
10
0
0
0
0
0
20
10
0
10
0
0
10
0
0
20
20
0
10
0
0
0
0
0
10
0
10
10
0
0
0
0
30
0
183
0
10
0
0
0
0
0
0
10
0
0
0
0
0
0
10
15
152
70
111
31
20
20
0
10
0
0
0
0
0
0
0
10
10
0
0
10
0
0
20
0
0
0
60
80
152
10
60
115
110
10
0
0
1331
0
10
0
10
0
0
0
0
0
10
0
0
0
10
0
0
0
10
0
0
0
0
0
10
0
0
10
0
0
10
0
0
10
0
10
0
10
0
0
10
0
0
10
10
0
0
0
10
0
20
0
0
10
0
0
0
0
0
10
0
0
0
0
10
0
0
10
0
10
0
0
10
0
0
10
0
0
10
0
0
11
10
0
10
0
0
0
10
0
0
0
10
0
10
0
10
0
0
10
0
0
0
0
10
10
10
10
0
10
0
10
0
0
10
0
94
75
36
105
233
13
280
10
10
0
10
0
0
0
10
0
10
10
0
0
0
10
0
10
0
0
10
10
0
0
0
10
0
0
10
0
10
0
0
0
0
10
0
0
10
0
10
0
0
0
10
0
0
10
0
0
10
0
0
10
10
55
50
0
10
10
0
0
10
0
10
0
0
0
10
0
10
0
0
10
0
0
10
0
10
0
0
10
0
0
0
10
0
0
0
0
10
0
10
0
0
10
0
0
10
10
113
10
0
0
10
0
10
0
0
0
10
10
51
10
10
0
10
0
0
0
10
0
10
0
10
0
0
10
0
0
0
0
0
10
0
0
10
10
0
0
0
10
0
0
0
0
14
10
0
133
30
10
0
10
0
10
0
10
10
0
12
140
0
10
10
0
0
10
10
0
0
0
10
0
10
0
0
0
10
0
10
0
0
10
0
0
10
10
10
0
0
10
0
10
0
0
10
0
10
0
10
70
0
10
0
0
10
10
10
0
10
0
10
10
0
10
0
0
10
0
10
0
10
0
10
0
0
10
0
0
0
0
0
0
0
10
10
0
0
12
10
0
10
0
0
0
10
25
105
10
30
10
0
0
0
0
10
0
10
0
0
0
10
10
0
10
0
10
11
10
0
10
0
10
0
10
10
10
0
0
0
25
10
405
10
12
10
10
0
10
0
10
0
10
0
0
10
0
10
0
0
0
10
0
0
10
0
10
0
10
0
0
0
10
0
10
0
10
0
0
10
0
20
0
0
0
0
0
59
21
0
0
10
10
0
10
0
10
0
0
10
0
10
0
10
0
0
0
21
0
0
0
10
0
0
0
10
0
0
0
10
0
0
10
0
0
0
10
0
0
0
10
0
0
25
0
20
0
10
0
0
0
0
10
0
0
10
0
0
10
0
10
0
0
0
10
0
10
0
10
0
20
10
11
88
103
24
10
0
10
0
24
0
20
10
10
10
0
200
0
10
0
0
10
10
0
0
0
10
0
0
10
10
0
0
0
10
0
10
0
0
10
10
85
0
10
10
26
10
0
10
10
20
0
10
0
10
0
0
10
10
0
0
10
0
10
0
0
0
10
0
0
10
0
14
10
0
10
0
0
0
10
0
10
0
10
0
10
10
40
0
10
10
10
0
10
10
45
30
10
10
0
10
0
10
0
0
0
0
10
0
10
0
0
10
0
10
0
0
10
0
0
0
20
0
10
0
0
0
0
10
0
10
0
0
0
0
10
10
10
0
0
0
10
0
0
10
606
359
140
0
0
41
10
188
314
72
20
55
567
162
155
70
25
231
359
0
10
0
10
0
0
10
0
10
0
10
0
10
0
0
0
10
0
10
0
10
0
0
0
10
0
10
0
0
0
10
0
10
0
10
0
0
10
0
10
0
0
10
0
0
10
0
0
10
0
10
10
0
100
10
10
10
0
10
0
10
0
11
10
0
10
0
0
10
0
10
0
0
10
0
0
10
0
10
0
0
10
0
10
0
0
10
0
0
10
0
0
10
10
0
10
0
0
10
0
0
0
10
0
45
10
0
10
0
0
10
10
0
0
10
0
0
10
0
0
10
0
0
10
0
0
10
0
10
0
10
0
0
10
10
0
10
0
10
0
0
10
0
0
10
0
0
10
0
0
0
10
0
0
0
10
0
10
0
10
0
0
0
10
0
10
0
10
0
10
10
52
10
10
10
0
10
0
10
10
10
0
10
0
10
0
0
10
0
10
24
0
0
10
0
0
10
0
10
0
0
0
20
0
10
0
0
10
10
0
10
0
0
10
0
0
10
0
0
0
0
161
0
45
175
10
0
10
0
21
0
0
10
0
0
10
10
0
0
0
10
0
20
0
0
10
0
10
10
0
0
10
0
0
0
0
30
0
0
0
10
10
0
10
0
0
0
0
10
110
20
0
10
30
25
0
0
0
10
0
0
0
20
0
20
0
0
10
0
0
0
20
0
10
0
0
10
0
60
10
0
0
0
10
0
0
0
65
20
10
110
10
0
10
0
0
10
0
0
10
0
10
0
0
0
10
0
10
0
0
10
0
0
10
10
0
10
0
10
0
0
0
10
10
0
0
0
10
0
0
0
0
10
0
0
0
10
0
0
50
10
10
10
0
0
10
0
10
0
0
0
10
0
10
20
10
0
0
10
0
0
10
0
0
20
0
10
0
0
0
0
10
0
10
0
0
0
0
10
0
0
0
0
10
45
10
10
0
0
10
0
0
10
0
0
10
10
0
0
0
0
794
56
25
0
10
10
0
0
10
11
10
1135
10
0
10
0
0
10
0
10
0
10
0
10
0
0
10
0
10
0
0
350
0
0
10
10
10
25
10
10
11
381
12
25
10
0
11
145
14
42
10
10
0
0
10
0
0
10
0
0
10
0
0
10
0
0
10
0
0
10
0
10
0
0
10
0
0
10
0
0
10
0
0
10
0
0
10
0
0
10
0
10
0
0
10
0
0
10
0
0
10
0
0
10
286
10
10
0
10
0
0
10
10
0
10
0
10
0
10
10
0
10
10
0
0
40
235
10
10
0
0
0
10
0
0
0
10
0
0
0
0
10
0
56
70
0
0
0
61
10
10
0
10
10
0
85
10
22
0
0
10
10
0
195
40
10
10
10
0
10
0
0
10
0
10
25
10
421
10
0
10
0
10
0
0
0
186
10
0
110
0
305
174
55
0
25
25
20
0
10
0
10
10
0
10
0
0
0
10
0
0
10
50
10
0
10
0
10
146
10
10
0
85
20
0
0
20
0
451
10
10
0
0
96
70
20
10
20
10
10
72
10
40
11
20
10
170
20
0
0
10
247
116
10
0
10
0
0
0
10
0
535
10
10
10
0
0
0
0
10
10
10
0
201
30
10
67
0
10
30
810
10
10
0
10
10
0
10
20
10
0
20
10
0
0
10
10
20
13
100
10
10
229
10
0
10
0
10
70
70
10
145
13
10
10
85
40
116
250
25
10
27
10
10
0
10
10
0
10
0
10
0
0
0
10
0
0
10
10
10
0
10
40
25
25
221
10
10
10
12
27
10
115
0
11
130
10
0
10
0
0
10
0
10
0
11
11
0
10
25
10
0
10
10
10
0
10
0
25
10
0
10
0
10
0
0
0
10
0
0
10
0
10
0
0
0
10
0
0
10
0
0
10
0
0
10
0
0
10
0
0
10
0
10
0
0
0
20
0
10
0
0
0
10
0
10
0
0
0
10
0
0
10
0
0
10
0
0
10
0
0
10
0
276
10
10
10
10
10
10
55
320
115
10
0
25
