25
254
12
13
10
58
41
10
0
205
100
11
25
10
461
10
10
0
10
0
10
10
0
0
0
10
10
10
0
10
10
0
10
0
0
10
10
0
10
10
10
416
10
10
0
10
10
10
0
10
10
0
0
10
0
10
0
0
10
10
10
0
11
40
25
10
10
325
0
10
12
10
0
25
26
13
10
10
0
10
10
338
0
25
0
0
14
10
0
14
25
25
10
10
40
10
10
11
10
0
13
10
10
55
10
0
10
0
0
20
0
0
0
10
0
10
0
0
10
0
0
10
0
0
10
0
0
10
0
0
10
0
0
10
0
0
10
0
0
10
0
0
0
10
0
0
10
0
10
0
0
10
0
0
0
10
0
10
0
0
0
10
0
0
10
0
0
10
0
0
0
10
0
0
10
0
10
0
10
0
0
0
0
10
0
0
10
0
10
0
0
10
0
0
10
0
0
0
10
0
10
0
0
0
0
70
26
0
43
10
25
10
10
25
10
10
0
0
10
0
10
0
10
25
0
10
0
10
0
0
0
25
0
10
10
26
10
0
10
11
10
0
10
0
10
10
10
27
40
40
12
10
0
0
0
10
25
0
0
28
10
10
0
11
0
0
10
10
0
10
0
10
10
0
55
10
0
20
0
0
0
10
10
0
10
20
12
10
0
10
10
40
12
10
10
0
40
10
0
0
10
0
10
25
85
10
25
0
11
11
10
0
0
10
0
10
55
0
10
25
28
10
0
0
11
10
0
10
10
27
10
0
10
0
10
10
0
10
10
10
10
0
0
10
0
25
10
10
10
0
10
14
10
11
25
10
0
0
0
13
10
25
10
0
10
0
0
0
25
10
10
10
0
10
10
10
0
10
0
10
0
10
10
0
10
0
14
10
0
10
10
0
0
10
10
12
10
10
12
10
0
0
25
10
10
0
10
11
10
10
0
13
10
10
0
0
0
10
0
0
10
10
10
0
0
10
10
10
0
10
0
10
0
10
0
0
10
0
10
67
10
10
0
10
0
10
10
0
27
10
0
10
0
0
0
0
220
10
10
10
10
0
0
10
10
0
0
0
10
0
0
0
10
0
0
10
0
0
15
10
0
10
0
10
25
10
10
10
0
20
0
10
11
10
0
10
11
10
11
10
0
0
0
10
0
10
0
0
0
10
0
10
10
0
10
0
0
10
0
10
0
0
10
0
0
25
20
10
0
0
12
10
40
10
0
0
14
10
10
10
10
10
32
0
0
10
29
10
10
0
10
0
10
0
10
0
10
0
52
10
0
10
10
0
10
10
10
70
10
10
13
10
0
0
10
25
0
10
10
0
10
10
10
10
0
10
0
10
25
0
25
10
87
55
10
0
0
65
10
55
10
0
0
10
0
65
10
0
10
0
0
26
10
0
0
11
10
10
0
10
0
10
15
10
10
0
0
10
10
25
10
10
0
25
10
0
10
0
10
0
10
25
10
0
10
0
0
0
10
0
10
0
10
0
10
0
10
0
10
10
0
10
45
25
0
10
0
0
62
0
10
0
10
0
28
15
10
0
10
0
46
0
0
11
10
0
40
11
10
0
10
0
34
10
25
0
0
0
0
25
25
13
10
0
0
10
0
10
15
10
25
20
0
20
0
0
10
0
0
0
0
10
10
10
10
10
10
0
0
11
0
20
13
10
11
10
0
0
10
10
0
10
10
0
0
20
20
56
0
0
10
10
10
0
10
10
0
20
10
10
10
20
20
10
10
0
30
10
40
10
0
62
0
10
0
20
0
0
30
10
20
0
0
0
10
10
0
10
10
0
20
0
10
0
90
20
10
0
10
10
10
20
10
0
30
0
10
41
20
10
10
30
0
0
10
0
0
10
32
0
40
10
10
0
10
0
10
10
94
314
10
0
27
10
14
10
10
0
10
0
10
0
0
0
10
10
0
0
0
11
10
0
0
0
20
0
10
0
10
0
10
80
20
0
0
10
40
0
10
0
10
0
0
10
10
10
0
10
10
0
0
10
10
0
0
0
21
10
0
10
0
0
0
20
20
10
0
10
0
10
0
0
40
10
10
0
10
10
0
10
30
50
0
10
0
14
10
10
0
40
45
63
27
25
0
10
0
35
11
32
0
0
10
0
10
10
42
10
0
0
10
10
10
0
50
0
10
0
0
20
10
24
10
0
25
35
0
0
10
0
20
10
10
0
10
10
10
0
10
0
40
10
10
0
0
20
10
20
10
10
0
10
10
0
10
31
10
10
93
20
25
25
10
0
10
0
11
10
25
0
21
13
10
10
0
10
0
10
10
0
10
10
0
10
10
25
0
0
10
10
10
30
0
0
10
22
25
10
10
0
10
10
10
10
0
15
60
25
10
74
10
10
10
0
10
0
14
10
0
10
10
10
10
10
10
15
70
0
0
10
0
10
0
23
10
10
30
11
10
10
40
10
0
0
0
20
0
50
0
10
0
10
10
70
0
10
0
10
0
0
66
0
0
10
0
10
0
0
15
70
10
10
10
35
10
731
10
0
0
10
10
20
10
0
10
0
0
10
0
0
0
0
10
0
0
0
0
0
10
0
0
0
0
0
0
10
0
0
0
10
0
0
10
0
0
10
10
0
0
0
10
0
10
0
12
10
0
0
0
10
0
0
10
10
0
0
0
10
0
0
10
0
0
0
0
10
10
0
0
10
0
0
0
10
0
0
0
10
0
10
10
0
10
10
10
0
10
10
10
0
12
20
10
10
0
10
10
0
10
0
0
11
10
10
0
10
10
0
10
0
0
10
0
14
10
10
0
0
10
0
12
10
0
10
0
21
0
20
0
10
25
0
10
0
10
10
0
20
10
0
0
10
0
10
0
0
10
10
0
10
10
0
10
10
11
329
10
312
10
10
0
21
0
0
11
12
12
10
10
0
0
12
10
10
0
10
0
10
0
12
10
10
0
0
10
0
10
0
10
0
0
10
0
0
10
0
10
0
10
0
10
0
0
10
0
0
10
10
0
0
10
10
0
0
10
10
0
10
10
10
0
0
0
10
0
10
0
0
10
0
0
10
0
0
10
0
10
0
10
0
0
0
10
0
10
0
0
0
0
10
0
13
10
10
0
0
10
0
0
10
0
10
10
0
0
0
10
10
0
0
10
20
14
31
10
10
10
20
0
0
10
30
20
0
0
10
0
0
20
0
10
13
10
10
0
10
0
0
10
0
10
10
0
0
20
0
0
0
10
10
0
0
10
10
0
0
0
10
10
10
0
0
10
0
10
10
12
25
10
0
10
0
10
11
10
10
0
11
0
10
10
0
25
0
25
0
25
20
0
10
10
0
10
10
0
10
0
0
10
0
10
10
10
10
10
10
0
0
0
10
0
25
10
10
10
0
10
0
10
0
10
10
10
32
10
10
20
10
20
10
10
20
0
0
10
0
0
10
10
0
0
10
0
0
10
0
0
10
10
0
10
0
10
28
10
0
10
20
0
0
0
10
10
0
0
10
0
0
0
10
0
10
0
0
10
0
0
10
0
0
0
0
0
10
0
0
10
0
0
10
0
0
0
0
10
10
0
10
0
0
0
10
0
10
0
10
30
10
0
0
10
0
0
10
0
10
0
0
0
10
10
0
20
0
10
10
10
10
0
0
10
0
0
10
30
10
0
0
0
10
25
20
0
20
0
0
55
41
10
145
10
0
0
20
10
10
0
10
0
10
0
0
25
0
10
0
10
11
0
0
10
10
0
10
0
13
10
10
0
20
10
0
10
10
10
0
10
0
0
0
10
20
20
0
0
10
0
0
0
0
0
10
14
20
0
0
0
0
0
10
20
0
20
0
0
0
10
0
0
20
0
0
10
0
0
10
0
0
0
0
10
10
10
20
0
0
0
20
0
10
0
0
0
0
10
0
10
10
0
20
20
21
0
0
416
0
10
0
0
0
0
10
0
0
0
20
0
0
0
0
0
0
10
0
10
0
0
0
0
0
10
0
0
10
0
0
10
0
0
0
10
50
10
10
0
10
0
40
0
10
20
10
22
0
0
0
25
10
25
10
0
10
0
10
0
10
0
65
25
45
10
35
0
10
0
45
10
0
35
10
10
20
10
0
0
10
10
10
0
0
24
10
10
0
10
10
10
10
0
0
21
10
0
10
0
30
0
0
10
0
10
20
0
10
0
10
10
0
0
10
10
10
10
10
0
20
0
60
20
20
10
80
0
0
0
0
155
20
10
10
0
0
0
0
10
0
0
12
11
10
10
10
0
15
10
0
11
10
20
0
20
10
0
0
0
20
10
14
10
0
10
10
10
10
0
10
0
10
0
15
20
0
25
20
20
0
0
0
0
0
10
0
0
0
11
13
10
40
20
10
10
0
10
0
0
0
10
10
0
20
0
20
10
10
0
0
10
0
0
0
10
10
10
0
12
10
10
10
0
0
20
10
0
0
0
25
0
0
0
80
0
0
10
0
0
10
0
0
0
0
0
10
0
10
0
20
10
10
0
10
10
10
30
40
0
11
20
20
0
0
10
0
20
20
10
0
101
10
40
25
0
0
31
35
20
0
10
40
70
85
0
25
10
10
0
10
0
30
53
30
136
20
10
133
30
12
282
0
10
0
10
0
10
55
10
10
0
10
0
0
115
0
0
10
39
125
70
10
0
14
35
21
46
130
10
0
0
10
0
0
10
10
10
10
10
11
10
10
10
0
10
10
43
10
0
10
10
0
0
26
10
0
10
40
0
10
0
11
40
10
0
37
10
0
10
10
25
40
0
20
20
25
12
23
11
10
10
0
0
10
11
10
10
0
10
0
0
30
10
0
10
10
10
24
64
30
10
10
30
14
33
118
0
12
128
10
40
10
10
0
0
10
0
10
0
10
0
10
0
11
10
0
10
10
0
20
10
0
10
10
0
25
70
10
0
10
10
0
0
0
10
10
0
10
0
0
10
0
0
25
10
0
25
10
0
0
25
0
10
10
0
10
0
12
28
10
0
10
25
0
10
0
14
10
10
30
10
0
10
10
0
49
10
0
0
10
0
0
10
0
10
0
0
10
0
0
0
10
0
0
10
0
10
0
0
10
0
0
0
10
0
10
10
0
0
0
10
0
0
10
0
0
10
0
0
10
0
10
0
0
0
10
0
0
10
0
0
10
0
0
10
0
0
10
0
0
10
0
0
10
0
10
0
0
0
10
10
0
0
0
10
0
0
10
0
0
0
10
0
0
10
0
0
10
0
10
20
10
80
20
0
0
0
0
20
10
0
10
45
26
0
10
0
10
0
10
0
10
0
0
10
0
0
10
10
0
10
0
10
0
0
0
10
0
0
0
0
10
0
10
10
0
10
10
0
0
10
0
0
10
0
0
0
10
0
0
10
0
30
10
10
0
0
10
0
0
10
0
0
10
10
0
0
0
0
10
0
10
0
10
0
0
0
0
10
0
0
0
10
0
0
20
10
0
10
0
0
0
10
10
10
0
10
10
10
0
10
0
10
0
0
0
20
10
0
0
0
10
0
0
20
0
0
0
0
10
0
0
0
0
0
10
0
0
10
0
10
0
0
0
10
0
10
0
0
0
0
10
0
10
0
10
0
0
0
10
10
0
10
0
0
0
0
10
0
10
0
0
0
10
0
0
0
0
0
10
0
0
10
0
0
10
0
10
10
0
0
10
10
0
10
0
0
0
0
20
0
0
10
85
0
10
0
0
10
10
20
0
0
0
10
0
0
20
20
0
10
0
0
0
20
20
40
50
0
11
10
20
20
20
0
10
0
0
0
71
10
0
0
10
10
0
10
20
0
0
0
40
0
30
10
20
0
10
10
0
30
20
30
20
0
10
10
0
10
0
0
10
0
10
0
10
0
11
10
0
10
10
10
0
42
10
25
0
10
10
10
0
0
10
10
10
20
20
20
0
0
39
10
20
0
0
0
10
10
0
0
10
20
10
10
0
0
0
0
65
10
10
0
10
10
0
0
20
80
20
0
22
50
10
0
0
64
0
45
114
60
116
10
35
20
10
60
10
10
0
30
10
10
10
90
20
10
0
10
20
0
0
20
0
0
10
25
0
0
25
0
10
0
10
0
20
30
20
0
10
0
0
20
0
10
14
10
0
10
0
0
0
10
10
10
0
0
0
0
10
0
10
71
20
10
0
10
0
0
10
0
10
25
10
0
0
10
0
10
10
0
0
10
0
0
55
10
20
0
10
12
10
0
23
0
10
0
10
50
0
0
0
13
10
0
20
0
0
10
10
10
0
10
0
10
10
0
0
10
0
0
10
0
0
0
10
10
0
0
0
10
0
0
10
0
146
25
0
10
0
10
0
10
10
0
0
0
0
10
0
0
10
0
0
0
0
10
0
0
0
0
10
0
0
0
0
0
0
10
0
0
0
10
0
0
15
10
0
121
10
10
10
34
0
167
0
10
0
10
10
25
0
10
105
25
0
10
55
10
80
0
70
10
10
0
14
10
10
55
0
55
35
15
10
20
0
0
10
0
25
0
0
20
10
10
76
10
141
10
46
10
0
25
25
25
35
0
168
50
10
10
14
22
0
40
25
66
40
25
60
25
20
10
25
0
20
64
55
10
10
35
55
75
0
36
75
45
10
35
75
10
0
50
12
35
153
10
40
25
55
35
40
10
25
10
40
10
25
0
35
10
0
0
24
70
53
14
45
0
25
13
10
24
10
10
35
79
13
25
10
52
49
10
67
10
10
0
0
0
25
25
95
42
10
0
15
10
0
119
65
20
10
0
10
10
10
0
12
10
35
75
23
55
70
30
25
10
25
0
20
56
10
0
40
10
14
10
11
10
10
0
0
10
10
0
0
10
0
0
12
10
10
35
10
25
125
45
0
25
10
24
25
0
10
11
10
0
40
0
0
55
11
55
25
25
10
10
25
0
50
10
10
59
10
15
50
0
12
10
25
0
25
15
25
0
25
10
75
0
14
51
0
10
0
51
0
0
10
10
10
10
10
0
10
0
0
25
65
14
10
23
25
10
10
50
0
10
65
40
0
10
62
40
21
10
10
10
0
25
0
28
21
70
25
0
25
0
50
40
0
38
25
10
25
0
14
10
14
10
10
0
12
12
10
10
10
0
10
10
0
0
10
10
0
70
10
13
25
10
10
25
10
0
27
10
10
10
0
25
0
10
0
10
10
25
10
10
0
10
10
0
25
25
12
26
25
10
23
10
11
13
10
10
0
10
0
28
25
14
0
10
10
30
10
55
0
10
12
10
40
10
24
0
28
10
0
25
0
10
10
40
25
25
10
10
0
10
10
0
42
10
10
0
10
25
10
13
20
10
85
10
70
0
25
10
25
10
10
86
38
10
10
25
100
131
112
288
245
70
168
25
61
116
75
10
10
10
0
10
91
41
70
10
51
25
10
10
25
10
40
0
10
10
0
10
0
0
21
0
25
0
0
40
0
25
25
25
10
10
10
10
0
10
10
0
0
10
0
10
0
11
10
25
0
15
10
25
14
32
12
10
25
10
10
10
10
0
10
0
0
10
10
10
25
10
10
0
10
25
0
10
10
10
10
26
0
10
10
0
10
10
0
10
32
55
0
10
55
10
0
25
0
10
70
10
0
55
10
35
0
28
113
30
45
10
20
10
10
10
50
20
10
25
41
69
51
20
10
10
50
10
24
90
10
0
20
86
20
20
40
20
30
0
10
30
30
10
20
40
20
20
10
0
0
0
0
30
20
20
20
20
0
20
25
0
0
0
10
20
20
20
0
20
20
0
30
0
0
0
0
40
10
20
30
20
0
30
100
40
20
0
0
10
30
60
40
21
0
173
20
166
10
10
10
83
40
42
25
62
80
0
70
10
0
27
10
158
10
10
70
25
47
10
85
14
10
41
10
100
77
25
25
10
40
23
12
10
14
30
11
10
10
10
10
27
10
23
10
14
45
25
14
10
40
0
10
10
10
10
10
59
10
10
41
10
35
10
25
0
10
10
40
10
68
60
99
65
13
40
13
60
40
129
11
10
0
10
0
11
10
70
0
43
12
10
71
10
10
10
25
10
10
10
50
48
73
25
0
10
10
10
0
20
72
40
216
95
55
192
64
152
10
527
178
186
85
799
40
14
10
104
40
206
77
35
10
10
0
10
40
40
235
20
0
10
10
60
10
10
10
10
10
0
10
10
35
28
25
40
76
14
25
80
0
109
40
10
10
10
0
10
25
115
80
45
10
40
0
14
29
25
0
10
10
10
0
10
0
56
10
39
10
10
0
22
0
70
36
15
25
60
13
44
20
10
26
10
10
10
0
10
10
25
25
24
50
0
10
10
10
0
21
10
10
10
25
20
40
10
40
10
25
40
70
145
57
25
72
11
40
10
25
10
25
0
10
10
0
10
10
0
10
10
40
115
0
131
10
70
130
40
71
10
25
25
100
25
40
0
25
0
0
11
10
26
26
10
85
0
25
10
85
58
56
25
103
73
25
455
415
85
88
10
25
10
55
145
160
40
24
10
26
12
45
149
40
40
11
12
10
10
0
26
10
60
70
25
70
25
10
10
0
11
40
70
12
25
10
10
0
10
10
0
10
11
40
55
11
25
56
12
10
11
10
70
0
10
10
56
70
0
13
10
10
10
29
10
40
10
145
0
25
11
25
104
25
0
15
70
25
10
10
10
0
10
10
10
145
70
40
10
10
0
10
0
10
85
55
10
55
60
56
10
10
10
14
10
115
0
25
88
15
10
10
29
25
400
10
10
10
