10
0
0
11
10
0
11
10
10
0
0
0
10
0
10
0
0
10
0
0
0
10
0
0
10
0
0
10
0
0
10
0
0
0
10
0
10
0
0
0
0
10
0
10
141
0
23412
10
131
25
235
282
25
0
10
0
10
10
0
10
0
0
10
10
25
25
15
10
10
0
10
10
10
0
55
57
10
10
0
295
13
10
10
10
10
0
0
0
0
10
0
10
0
10
0
0
10
0
10
0
0
10
110
120
10
10
10
10
149
100
0
145
237
75
100
25
0
10
0
0
10
0
10
0
10
10
0
0
0
14
10
0
10
10
13
10
10
0
10
10
40
155
296
10
10
0
12
10
25
142
10
10
0
10
25
20
10
0
0
10
12
10
20
0
11
10
0
10
13
55
0
0
10
0
0
10
10
0
10
0
0
10
0
10
10
250
10
40
0
10
0
0
0
10
0
10
0
0
0
0
0
10
0
10
0
0
10
0
0
0
10
0
10
0
10
0
10
0
0
10
0
0
10
10
0
0
0
10
0
10
0
0
10
0
10
0
0
0
0
10
0
10
0
0
10
0
0
0
10
0
10
0
0
0
10
0
10
0
0
0
10
0
0
10
10
0
10
0
10
0
10
0
0
20
10
0
0
0
0
10
0
0
10
0
0
10
0
0
10
0
0
10
0
0
10
0
0
10
0
0
0
10
0
10
0
0
10
0
10
0
0
0
10
10
0
0
0
0
10
10
0
0
20
0
10
0
0
10
0
0
0
10
0
0
10
0
10
0
10
10
0
0
10
10
21
0
0
10
0
0
0
10
0
0
10
10
0
10
10
0
10
155
11
10
0
10
0
0
10
0
0
0
10
0
0
10
0
0
10
0
10
0
0
10
0
0
10
0
0
10
10
0
10
10
0
0
0
10
10
0
0
10
10
0
0
0
0
10
0
0
0
0
10
0
10
10
0
10
0
10
0
0
0
10
0
10
0
0
0
0
10
0
0
0
0
10
0
0
10
10
0
10
0
0
0
0
25
10
0
0
0
0
10
10
0
10
0
0
10
0
0
10
0
0
10
0
10
0
0
10
0
0
0
10
0
10
0
0
10
10
10
0
10
0
0
10
0
0
0
0
0
10
0
0
0
10
0
10
0
0
11
0
0
10
0
10
0
0
0
10
0
0
0
10
0
0
10
0
10
0
10
0
0
0
10
0
10
0
0
10
0
0
10
0
0
30
0
0
0
11
0
0
10
0
0
10
0
0
0
0
10
0
12
10
0
0
10
10
0
0
10
0
0
10
10
0
0
10
0
0
0
0
10
0
0
10
10
10
0
10
0
0
10
0
10
0
10
20
0
0
10
27
23
10
0
10
0
10
10
0
0
10
0
10
0
10
0
10
10
10
70
35
0
20
0
0
20
0
0
10
0
10
50
10
35
0
24
20
0
10
10
0
0
0
10
10
10
0
0
11
35
37
10
0
10
0
10
0
0
10
0
10
0
10
0
0
10
10
10
0
415
0
9
0
0
10
0
10
0
0
10
0
0
10
0
0
10
0
10
0
0
10
10
0
0
10
0
0
0
10
0
0
10
0
0
0
0
0
0
0
10
0
0
0
10
0
0
10
0
0
0
10
0
0
0
10
0
0
10
0
10
0
10
0
0
0
0
10
0
0
10
0
0
10
0
10
10
0
0
10
0
0
10
0
0
0
10
0
0
10
0
0
10
0
10
0
0
10
0
0
10
0
10
0
0
11
10
10
10
0
10
25
23
27
10
11
11
10
15
10
0
10
10
0
0
25
0
10
10
10
55
10
0
0
10
50
10
25
25
10
10
10
10
28
10
10
10
10
0
10
0
14
180
10
0
10
0
0
10
0
0
10
0
0
10
0
10
0
10
0
0
0
0
10
0
10
0
0
0
10
0
10
0
0
0
10
10
0
10
0
10
0
10
10
10
10
13
10
0
25
0
35
0
10
10
0
0
0
10
10
25
0
0
12
10
10
10
0
10
39
0
11
10
10
0
10
0
10
10
0
10
0
25
13
25
0
0
10
25
0
20
0
0
25
0
10
0
0
0
0
10
0
0
10
0
10
0
0
10
25
0
10
10
0
0
26
10
20
10
10
40
25
10
0
0
10
0
10
10
80
12
10
11
10
0
0
10
0
0
0
10
10
10
0
10
10
0
10
10
0
10
0
31
0
10
25
35
10
0
10
10
30
10
0
0
0
10
21
10
0
0
10
0
10
0
0
10
10
0
0
0
10
25
46
12
10
10
0
30
10
12
11
10
0
25
25
11
10
0
10
0
10
10
23
10
0
10
10
0
10
10
0
10
0
10
0
10
10
0
0
0
10
0
0
10
10
0
10
10
0
10
10
0
10
0
95
25
0
10
0
10
10
0
11
25
10
0
55
0
10
21
25
10
0
10
0
0
10
0
0
10
10
0
0
140
10
0
10
0
10
0
0
10
0
0
10
0
0
10
0
10
0
10
0
10
10
0
0
11
10
0
21
0
10
0
0
10
20
10
126
0
10
0
10
20
10
0
10
0
0
10
0
10
10
10
10
10
0
10
0
13
14
21
10
10
98
10
40
10
0
10
10
0
0
0
0
10
0
10
10
0
0
10
0
0
10
10
0
0
0
10
0
10
0
0
10
0
0
20
10
0
0
10
0
0
0
0
0
10
10
10
0
0
0
10
0
0
10
0
10
20
0
0
20
0
0
0
0
10
0
0
0
10
0
0
11
0
0
0
0
10
10
0
0
0
0
10
0
10
10
0
0
10
0
0
0
20
0
0
10
0
0
0
0
20
0
0
0
0
10
0
0
0
20
0
0
10
0
0
0
0
10
10
0
10
0
0
0
0
0
10
0
10
0
0
0
10
0
0
0
10
10
0
0
0
0
0
10
0
0
10
0
0
0
10
0
0
10
10
0
0
10
0
0
0
10
0
10
10
0
0
0
0
0
0
10
0
10
0
0
10
0
0
0
0
0
10
0
10
0
0
0
10
0
0
0
0
0
0
10
0
0
10
0
0
0
0
10
0
10
0
10
10
0
0
10
0
0
0
10
0
0
10
0
10
0
10
0
10
10
22
100
0
0
0
0
10
0
0
11
10
10
0
0
0
0
10
0
0
10
0
0
10
0
0
0
10
10
0
0
0
8
0
0
0
0
0
0
0
0
0
10
0
0
0
10
0
0
0
10
0
10
0
0
0
0
10
0
0
10
0
10
10
10
10
0
0
0
11
0
10
0
0
0
10
10
30
0
0
0
10
20
10
0
0
10
25
10
0
10
0
10
0
10
0
20
0
0
10
0
0
0
0
0
10
0
10
0
0
0
0
10
10
0
0
0
0
10
0
10
0
0
20
0
0
10
0
0
10
0
0
10
0
10
0
10
0
10
0
0
10
0
0
10
0
0
10
10
10
10
0
0
10
20
0
20
10
0
10
10
10
30
10
10
0
50
0
10
0
10
10
0
10
10
0
0
10
0
10
10
20
10
0
0
0
10
10
0
30
0
10
0
0
10
10
0
10
0
0
10
25
0
1233
0
0
9
0
0
10
0
0
0
0
0
70
0
0
0
10
0
0
0
0
0
10
0
0
10
0
0
10
0
0
0
10
0
0
10
0
0
0
0
0
10
0
0
0
0
10
0
10
0
10
0
10
0
0
10
10
10
10
10
0
184
0
20
95
40
10
311
10
0
0
55
0
25
0
10
10
55
175
100
41
25
27
25
10
70
25
115
164
25
0
28
40
0
100
95
12
21
400
0
0
10
145
70
104
40
105
10
10
25
10
10
25
25
10
12
11
25
10
10
57
25
40
10
41
85
40
25
55
25
0
0
10
0
10
0
10
0
10
0
0
15
10
10
0
13
10
115
87
10
10
0
10
10
161
85
10
10
10
0
71
65
13
10
10
27
12
10
10
41
85
0
0
133
10
130
160
355
238
10
10
0
10
0
10
10
0
0
10
0
10
0
10
10
25
145
0
0
10
0
60
40
10
205
0
10
164
57
10
10
401
10
0
40
10
0
10
10
0
100
25
20
511
0
10
0
0
0
10
0
10
0
10
0
10
0
0
0
10
0
10
0
0
0
10
0
10
0
0
10
10
0
10
0
0
0
10
0
0
10
0
0
10
0
0
0
10
0
10
0
0
0
10
0
0
10
0
0
10
0
10
0
0
10
0
10
0
0
0
140
13
10
0
0
25
0
0
28
10
0
10
10
0
0
10
0
10
10
55
10
140
10
10
26
10
10
10
0
10
0
0
10
0
0
10
10
10
0
10
185
185
10
0
10
0
0
10
0
10
0
14
10
110
25
10
0
10
0
10
10
10
0
96
40
14
10
10
10
47
0
11
10
10
135
0
0
10
0
25
29
110
0
0
41
10
10
0
25
0
65
81
10
10
90
152
20
0
0
10
0
0
10
10
0
10
10
0
13
10
10
40
10
15
25
10
0
10
0
0
0
10
0
10
0
0
10
0
0
10
25
25
10
10
14
10
55
10
245
0
0
0
14
95
25
10
10
12
40
10
25
25
10
0
10
40
10
0
25
40
54
25
13
12
20
66
10
10
21
13
10
14
10
20
10
58
25
65
10
0
11
70
10
10
20
110
25
366
3924
10
41
10
25
200
13
10
125
10
12
80
55
10
10
0
10
0
10
55
10
0
25
10
135
110
10
15
10
10
10
155
0
25
96
84
10
10
85
55
50
10
0
10
85
139
0
10
0
10
0
10
0
10
0
10
0
10
50
0
0
10
130
0
45
0
0
0
20
25
110
20
86
60
0
10
0
0
0
0
10
0
0
70
25
0
10
86
0
0
25
10
0
0
11
233
25
77
20
27
10
23
10
0
10
0
10
0
20
25
25
0
187
147
14
10
0
0
10
0
0
10
0
10
0
0
10
0
0
10
10
0
10
10
78
0
10
0
20
10
25
0
35
10
11
10
10
25
80
10
0
0
20
10
10
20
0
11
10
10
105
0
0
10
25
0
90
0
1196
10
10
0
10
0
10
0
0
10
0
0
0
10
0
0
10
0
0
10
0
0
10
0
10
0
0
0
10
0
10
0
10
0
0
10
0
0
0
0
10
0
0
10
0
0
10
0
0
10
0
0
10
10
0
169
10
10
0
10
0
0
10
0
0
10
0
0
10
0
0
10
0
0
0
10
10
0
0
0
10
0
10
0
10
10
0
10
0
10
0
0
0
0
10
0
10
0
0
0
10
0
10
0
10
0
10
0
0
0
10
0
0
10
157
0
0
0
10
0
0
0
10
0
0
10
0
0
0
10
0
100
25
35
40
0
10
0
0
10
0
10
0
10
10
0
0
10
0
0
10
0
10
0
10
0
0
10
0
0
0
10
0
10
0
0
10
10
0
0
10
10
10
0
0
10
0
0
10
0
20
0
0
10
0
0
0
10
10
0
0
10
0
0
10
0
10
0
0
10
0
10
10
0
10
0
0
10
0
10
30
0
20
0
10
0
20
20
0
0
0
0
10
0
0
0
0
20
10
0
10
0
0
10
0
0
0
10
20
0
0
10
0
0
0
20
10
0
0
0
0
10
0
20
0
0
0
10
0
0
2250
0
0
10
0
10
10
0
10
0
0
0
10
0
10
30
10
20
60
0
0
0
0
10
0
0
0
0
10
0
0
0
0
10
0
0
0
10
0
0
0
10
0
0
0
0
0
10
0
10
0
10
0
0
0
10
0
0
10
0
0
10
0
10
0
10
0
0
10
0
10
0
10
0
0
0
10
0
0
0
10
0
0
10
0
10
0
0
10
0
10
0
0
0
10
0
0
0
10
0
0
0
10
0
0
0
0
20
0
10
0
0
0
0
10
85
10
0
0
10
0
0
10
10
20
0
15
10
0
0
0
0
20
0
0
0
0
0
0
10
0
0
0
0
10
0
10
0
1
0
0
10
0
20
0
10
0
0
0
0
10
0
0
0
0
10
0
0
10
0
10
0
0
20
0
0
0
45
20
10
10
0
0
10
66
10
10
105
96
10
0
72
80
0
0
10
50
20
10
10
21
52
10
0
20
10
0
0
10
10
20
10
20
10
0
10
10
10
10
0
10
0
0
0
20
20
30
0
0
0
40
193
0
0
0
10
0
10
0
20
153
0
10
20
0
0
10
20
0
0
10
0
0
0
30
309
20
9
10
10
10
10
818
6
0
10
0
10
0
0
0
0
20
0
0
10
74
0
0
0
10
0
0
0
0
10
0
0
0
0
0
10
0
0
0
0
0
10
0
0
10
0
10
0
10
0
0
20
10
0
0
0
0
10
0
20
0
20
10
0
0
20
0
0
10
0
20
0
0
10
30
0
20
0
20
20
0
20
30
30
10
40
55
0
456
20
0
10
0
0
10
10
0
25
0
10
10
80
10
10
10
10
132
10
0
10
10
0
0
11
0
0
10
445
25
10
10
10
0
0
10
0
10
0
0
10
13
10
40
10
0
0
10
10
0
200
241
10
0
10
0
10
28
25
0
10
0
0
10
0
10
0
20
21
10
0
0
10
40
15
25
32
10
10
64
10
27
10
30
15
10
10
0
10
0
10
10
10
10
0
88
35
20
30
0
30
10
0
10
10
0
10
36
0
0
10
115
10
10
25
0
10
0
0
10
10
54
10
10
10
10
10
35
20
25
0
86
0
0
10
0
10
10
0
10
30
10
10
25
25
45
96
0
10
10
35
0
0
115
0
0
20
10
0
25
10
10
0
10
72
10
0
10
25
10
0
0
10
10
0
10
30
0
0
0
0
10
0
0
0
0
10
0
0
0
0
322
0
1477
385
20
0
0
10
0
10
0
10
0
0
10
10
0
10
0
10
0
10
10
0
10
0
0
0
0
10
10
0
10
0
0
25
10
0
50
10
0
20
10
53
0
20
10
50
10
10
11
10
25
40
25
10
14
11
10
10
20
10
0
0
10
10
0
0
0
10
0
0
85
0
0
10
0
10
10
0
0
0
0
10
0
20
0
0
10
0
0
0
10
0
0
10
0
0
10
0
0
14
10
10
0
0
0
10
0
0
0
10
10
0
10
10
0
10
10
10
10
10
0
10
0
0
0
10
20
0
0
20
25
0
10
0
0
20
0
0
30
10
0
10
0
10
25
30
25
50
10
30
13
10
0
30
32
11
10
10
71
0
10
10
30
0
50
10
27
10
20
25
40
29
34
20
163
70
20
0
0
0
30
10
0
10
0
20
0
0
10
10
20
0
10
0
10
10
0
10
0
0
0
12
10
0
10
0
0
10
0
10
0
0
0
10
10
10
137
22
0
10
10
10
30
108
11
10
13
10
10
10
0
10
10
10
10
0
10
0
0
0
0
13
10
0
10
10
0
0
10
0
0
0
10
0
10
0
10
0
10
0
89
0
10
10
31
22
0
10
10
0
40
20
10
38
10
0
10
155
10
25
10
10
76
0
55
10
10
44
45
0
10
10
11
63
25
0
25
0
0
10
0
0
10
48
20
10
0
10
0
26
15
10
35
10
10
10
25
117
0
0
10
0
10
0
10
0
10
0
0
10
0
0
0
10
0
0
35
0
10
0
0
0
0
0
10
0
10
0
0
0
0
10
0
0
10
0
0
10
0
0
0
10
0
10
10
0
35
65
40
10
137
10
10
0
0
10
10
0
10
0
0
0
10
10
0
10
0
10
0
10
0
0
10
10
0
10
0
10
35
10
10
10
0
0
10
0
0
20
0
0
0
10
0
10
0
0
0
10
0
0
0
10
0
10
0
0
10
0
0
0
0
10
0
10
10
0
20
30
40
11
10
0
10
41
40
37
10
57
147
62
12
72
170
100
240
39
127
10
10
0
45
10
85
10
0
10
0
0
10
0
0
10
0
10
0
0
10
0
10
0
10
10
10
0
0
10
0
10
0
10
0
0
0
10
0
10
0
0
10
0
10
0
0
11
10
0
0
10
0
0
0
10
13
10
0
0
10
0
10
0
10
0
10
0
10
0
0
0
0
10
0
0
10
0
10
0
10
0
10
0
10
0
10
0
0
0
25
10
0
10
0
0
0
0
10
10
10
0
0
25
10
0
0
0
10
0
0
10
0
0
10
0
0
0
50
0
0
20
0
0
0
10
0
20
20
0
0
0
10
0
0
20
0
0
0
10
10
10
20
10
80
0
20
0
10
10
0
10
0
0
0
20
0
20
20
10
0
10
10
0
0
20
39
10
0
25
44
20
30
0
0
65
10
0
10
45
0
0
30
20
20
20
10
0
0
96
0
80
89
20
2169
0
20
0
10
0
10
0
0
0
10
10
0
10
0
0
0
10
10
0
0
10
50
10
100
170
95
10
81
20
10
10
0
20
0
0
0
0
0
10
0
0
10
10
0
533
