35
0
10
12
10
0
10
0
0
10
0
0
25
0
0
0
10
0
0
0
0
0
10
0
0
20
0
0
92
22381
255
0
10
0
0
10
0
0
10
0
0
0
0
10
0
0
10
0
0
20
40
250
125
143
10
10
0
10
0
0
0
0
0
10
0
0
10
0
10
0
0
0
10
0
10
0
0
10
0
0
0
0
0
10
0
0
0
10
10
10
0
0
0
10
0
10
0
0
0
10
0
10
0
10
0
0
0
0
10
0
0
0
10
0
0
0
0
10
0
0
0
10
0
11
0
0
0
10
0
0
10
12
10
0
0
10
10
0
0
10
0
0
0
0
10
0
0
10
0
10
0
0
0
0
10
0
10
0
0
10
0
0
0
10
0
0
0
0
10
0
0
10
0
10
0
0
0
0
10
0
10
0
10
0
10
138
10
0
10
0
0
10
20
0
20
0
0
10
0
0
0
20
20
0
10
0
0
0
0
0
10
10
0
10
111
40
10
0
0
0
0
30
20
20
110
232
30
0
10
10
11
0
0
0
25
20
0
10
20
0
40
20
0
0
20
0
40
0
140
50
10
12
10
0
0
0
10
0
20
20
0
0
0
0
10
50
10
50
55
0
10
10
0
10
0
0
0
0
0
10
0
0
0
10
0
0
0
0
0
10
20
10
0
0
30
20
13
10
15
20
0
0
25
10
10
0
21
0
10
10
10
0
10
0
20
13
10
10
30
10
10
10
0
10
0
10
0
0
0
43
0
0
30
0
220
28
12
10
10
25
70
0
255
20
30
35
10
159
40
10
55
136
10
10
11
0
11
20
20
10
10
27
10
0
10
0
10
20
50
10
31
175
0
10
0
10
119
30
10
0
13
10
10
0
0
10
0
0
10
0
0
10
0
10
0
0
10
0
0
10
0
0
10
0
0
10
0
20
0
10
0
0
0
0
0
0
10
11
20
29
95
20
0
0
0
10
0
10
0
10
0
0
0
0
0
10
0
0
0
10
0
0
0
0
0
10
0
0
0
10
10
10
0
21
41
10
43
220
0
10
10
0
20
11
10
10
95
202
70
0
10
10
0
10
10
10
11
10
0
30
10
10
0
0
10
0
10
0
0
0
10
0
0
10
0
10
0
0
10
0
0
10
0
10
10
10
0
91
10
0
0
10
0
0
10
0
10
0
10
0
0
0
10
0
10
0
10
10
0
0
0
10
0
10
0
0
10
0
0
0
0
20
0
0
0
0
0
10
0
10
0
0
10
0
0
10
0
0
10
0
0
0
10
0
0
10
0
0
10
0
0
10
0
0
10
0
0
10
0
0
10
0
230
0
10
0
10
10
10
0
0
10
0
25
0
0
10
0
10
0
0
10
0
0
10
0
0
10
0
10
0
10
0
0
10
0
10
0
10
0
0
10
0
0
0
10
0
0
10
0
10
0
35
35
0
10
10
10
0
10
10
42
10
0
0
10
0
10
0
0
10
0
10
0
0
0
10
0
10
0
10
0
0
0
10
0
10
10
30
0
0
0
0
0
0
165
30
273
103
10
31
123
864
34
0
0
0
20
0
0
0
10
0
0
0
10
0
10
0
0
10
0
10
0
0
0
10
0
0
0
10
0
10
0
0
0
10
0
0
10
0
0
10
0
0
10
0
10
0
10
0
0
0
10
0
0
20
0
0
0
10
0
0
10
13
10
0
0
10
0
0
0
0
10
0
20
0
0
10
0
0
10
0
10
0
0
0
0
0
10
0
0
10
10
0
10
0
0
10
10
0
10
10
0
10
0
10
0
0
0
0
10
0
0
10
0
10
0
0
0
0
0
10
10
0
0
0
10
0
0
0
10
0
10
0
0
0
10
10
0
0
10
0
0
0
0
10
0
10
0
10
0
0
0
10
0
0
0
10
0
10
0
0
10
0
10
0
0
0
10
0
11
10
0
0
0
10
10
0
0
0
10
0
0
10
20
0
0
31
20
10
10
10
10
0
20
0
0
10
10
20
0
0
0
25
0
10
11
10
30
10
0
10
919
70
0
10
0
0
0
10
0
0
0
0
0
0
0
10
10
0
0
0
10
0
0
10
0
10
0
0
10
0
0
10
0
0
10
0
10
0
0
10
0
0
10
0
10
0
0
0
0
10
0
0
12
10
0
0
0
0
10
0
11
10
0
10
0
0
10
0
10
0
10
0
0
0
10
0
10
10
0
0
0
0
0
10
0
0
0
0
0
10
0
0
10
0
0
0
10
0
10
0
0
10
10
0
0
10
10
0
0
10
0
10
0
10
0
0
0
0
10
0
10
0
0
10
0
0
0
0
0
10
0
25
0
0
0
0
42
10
10
10
0
10
10
0
20
20
0
0
10
0
0
0
20
132
10
10
0
8
0
0
0
10
25
0
0
0
0
10
10
0
0
85
24
21
30
10
0
0
10
0
0
10
10
25
25
10
10
0
0
0
25
55
20
0
0
0
10
0
0
27
11
25
0
0
35
0
0
0
10
0
0
25
0
10
10
0
10
0
20
0
10
10
0
10
10
0
10
125
41
20
20
0
10
10
10
10
25
23
25
20
20
10
0
35
10
0
20
10
0
35
10
45
40
10
20
45
0
20
0
10
0
10
0
0
0
10
0
0
20
0
0
0
0
10
10
10
0
0
0
0
10
0
14
10
0
0
10
0
0
10
0
0
0
0
10
0
10
10
0
0
10
0
0
0
10
0
10
0
0
0
10
0
0
10
0
10
0
0
0
10
0
0
0
0
10
0
0
10
0
10
0
10
10
0
0
20
0
0
0
0
10
0
0
10
0
0
10
0
0
0
20
0
60
20
10
0
0
0
0
20
0
20
10
0
0
0
0
50
0
10
0
0
0
0
20
0
0
10
0
0
0
0
10
0
10
0
0
10
0
0
10
0
10
10
0
0
0
0
10
0
0
20
0
0
70
10
10
130
10
71
169
10
40
271
10
120
0
25
0
0
0
13
10
0
0
0
0
10
56
10
0
10
10
0
0
0
0
10
0
0
10
0
0
10
0
0
10
0
0
10
0
0
10
0
10
0
10
0
0
0
10
0
0
10
0
0
0
0
10
0
0
10
0
0
10
0
0
10
0
10
0
0
10
0
10
0
10
0
0
10
0
0
0
0
0
10
0
0
10
0
107
10
10
0
0
127
10
0
10
0
10
0
125
10
0
0
10
0
0
10
0
0
10
0
10
0
0
0
0
10
0
10
0
0
10
0
10
0
13
10
0
10
0
0
10
0
0
10
0
0
10
0
0
10
0
10
0
0
0
20
0
0
0
10
0
0
0
10
0
0
0
10
0
0
10
0
0
10
0
0
10
10
0
0
0
10
0
0
0
0
10
0
10
0
10
20
0
10
20
0
0
0
11
50
0
10
0
0
10
0
0
0
0
10
0
0
10
10
0
0
0
0
10
0
0
0
10
10
0
10
0
10
0
10
40
20
0
10
0
0
0
0
30
10
0
0
0
20
30
20
0
0
0
10
0
0
632
10
10
10
0
0
0
25
0
0
0
0
0
0
10
0
0
0
0
0
0
0
0
10
0
10
0
10
0
0
10
0
10
0
0
0
0
10
0
10
0
0
0
20
0
0
0
10
0
20
0
0
10
0
0
0
0
10
11
0
10
0
0
0
0
0
10
10
0
0
0
0
0
10
0
10
0
0
0
0
10
0
20
0
20
0
0
0
10
0
0
0
0
20
0
10
10
60
193
0
10
0
0
0
0
0
25
10
99
25
0
10
0
10
0
10
135
67
128
65
10
10
55
0
10
35
10
10
0
11
25
0
0
10
0
10
10
0
10
12
10
10
0
0
10
10
0
0
10
20
10
0
0
0
0
10
0
14
10
10
0
12
10
0
25
12
25
25
0
10
0
10
10
0
0
10
0
0
11
60
10
51
45
10
20
28
10
10
0
70
20
39
0
10
57
10
0
0
11
10
35
10
11
10
20
12
120
37
187
10
0
0
10
25
0
10
65
0
10
10
25
35
10
10
56
20
10
0
10
47
45
13
10
161
90
33
40
0
25
90
140
140
10
12
10
0
10
0
0
10
0
10
38
10
10
10
84
0
10
35
85
97
26
10
10
10
40
35
25
10
10
0
10
67
11
10
0
10
23
36
25
28
40
64
75
55
35
22
10
0
0
10
0
223
10
0
25
30
48
10
55
0
10
63
10
128
10
10
0
10
99
62
10
10
10
0
20
10
20
25
110
0
10
10
10
22
50
10
10
10
10
0
22
10
0
10
0
11
60
50
10
0
10
0
0
10
0
14
10
23
10
10
10
10
0
0
10
10
0
0
25
10
35
0
0
10
0
10
41
75
25
200
119
10
69
80
10
0
0
10
0
0
10
10
10
60
10
12
10
0
10
0
10
0
0
10
0
10
0
0
10
0
0
10
0
10
0
0
0
10
0
0
10
0
0
10
0
10
0
0
0
0
0
10
0
0
10
0
10
0
0
0
0
20
0
0
10
0
10
0
0
10
0
10
0
0
10
0
0
10
10
0
0
0
10
0
10
0
0
10
0
0
0
0
10
10
0
0
20
0
15
10
0
0
10
10
10
0
10
10
0
0
0
10
10
10
0
0
0
0
10
85
10
0
0
10
0
0
0
10
0
0
0
0
10
0
0
0
10
0
0
0
10
0
0
0
10
0
10
0
0
0
20
20
10
30
10
0
10
50
50
0
0
0
20
20
0
80
10
110
20
0
0
10
306
40
21
85
10
0
10
60
20
110
10
37
30
27
70
105
10
140
10
12
10
70
10
0
10
0
0
10
0
0
10
0
10
0
10
0
10
0
10
10
0
0
11
0
0
10
0
0
0
10
10
0
10
0
0
0
10
0
0
10
0
0
10
0
10
10
0
0
0
0
10
0
10
0
10
0
0
0
10
10
0
0
0
10
0
10
10
0
10
10
10
0
0
10
0
10
0
0
10
0
0
0
10
0
0
10
0
10
0
0
0
0
10
0
10
20
10
0
20
10
0
10
0
10
10
35
0
20
0
10
0
25
10
10
10
10
14
10
35
10
10
10
0
0
25
0
11
10
0
81
10
25
10
12
25
10
74
20
11
23
60
98
25
55
21
61
10
25
11
10
0
10
177
48
55
0
0
0
85
35
25
35
44
10
0
10
10
0
10
0
0
10
0
0
10
0
0
10
0
0
10
0
0
10
0
0
0
0
25
0
10
0
0
10
0
10
0
0
0
10
10
0
0
0
0
10
0
0
10
0
53
10
10
0
0
10
0
0
10
0
0
10
20
10
0
0
0
0
10
0
10
10
0
0
0
10
0
0
0
20
0
0
10
0
0
130
10
20
0
0
50
10
0
0
0
207
40
0
10
80
10
10
0
20
40
120
35
0
40
10
10
10
30
0
55
10
10
0
10
0
10
10
0
10
12
10
25
0
0
10
10
0
10
0
0
10
0
0
0
10
0
10
0
20
0
0
0
10
0
0
0
10
0
0
10
0
10
0
0
10
0
10
0
10
0
0
0
0
10
0
0
10
0
0
0
25
10
0
0
0
0
10
0
0
0
10
0
0
10
0
0
40
0
0
0
95
30
10
0
10
0
0
0
10
0
0
0
10
0
20
0
0
10
0
0
0
20
20
0
50
0
35
40
20
31
189
0
10
0
0
10
20
10
10
0
10
0
47
10
0
10
0
55
50
10
10
0
104
20
10
134
10
40
10
20
25
10
25
0
0
10
0
10
0
0
10
10
0
0
10
0
20
20
0
0
0
10
0
0
0
10
0
20
10
10
0
10
10
0
10
20
10
0
20
0
20
0
0
10
0
0
20
20
20
20
0
0
0
0
10
0
20
20
0
0
20
20
0
10
0
60
10
0
20
0
20
10
20
20
20
0
311
0
10
0
0
10
0
0
50
30
40
0
0
10
0
10
0
0
1420
0
0
0
10
0
0
0
0
10
0
10
0
0
0
0
0
20
0
0
0
0
10
0
0
0
10
0
10
0
0
0
12
20
0
0
0
10
0
0
10
0
0
10
0
0
0
10
0
10
0
0
0
0
10
0
0
0
10
0
10
10
0
0
10
0
0
10
0
0
0
10
10
10
0
0
0
0
10
10
0
0
0
0
25
0
0
10
10
0
0
20
30
20
0
60
33
20
10
0
235
20
0
22
0
0
20
10
10
0
0
0
25
0
9
10
10
10
0
10
0
0
345
0
10
20
0
0
0
10
0
10
0
0
0
10
0
0
0
0
0
10
0
0
0
10
175
110
0
25
0
0
10
0
10
10
10
10
0
311
10
10
0
20
10
0
0
10
10
0
62
0
0
10
0
10
25
10
70
20
0
10
0
0
10
10
12
10
10
0
27
35
0
10
10
26
10
0
10
10
10
10
10
80
60
10
55
0
13
14
73
49
10
10
10
0
0
10
0
0
10
0
10
0
0
10
0
0
0
10
0
10
0
10
0
0
0
10
0
10
0
0
10
0
0
0
10
0
0
10
0
10
0
0
10
0
10
0
0
0
0
10
0
10
0
10
0
0
10
0
0
10
0
0
10
0
0
10
0
0
10
0
10
0
10
0
10
10
0
10
0
0
10
0
10
0
0
10
0
0
0
10
0
10
0
10
0
10
0
10
10
0
0
10
0
10
0
0
10
0
10
0
0
10
0
0
20
0
10
0
10
0
0
10
0
0
10
1
0
10
0
93
37
10
35
0
10
0
10
0
10
0
10
0
0
10
10
0
0
10
0
10
20
0
0
0
10
0
0
10
0
0
10
0
0
10
0
0
10
0
0
0
10
10
0
0
10
0
10
0
0
10
0
0
0
0
10
0
0
0
274
25
0
0
35
10
10
0
10
10
40
10
0
10
10
0
10
0
140
0
10
0
10
10
0
0
0
10
0
10
0
10
0
0
10
0
0
0
10
10
0
0
10
0
0
10
0
0
10
0
0
10
0
0
0
10
0
10
0
10
0
10
10
0
10
0
10
0
10
0
0
0
10
0
0
10
0
0
10
0
10
0
10
0
10
0
0
10
0
0
10
0
10
0
10
0
10
0
0
10
0
10
0
0
10
0
0
10
0
10
0
10
0
0
10
0
0
0
10
0
0
10
10
10
0
10
0
0
10
0
10
0
10
0
0
0
10
0
0
10
0
115
20
30
20
0
0
0
25
10
80
20
85
10
0
10
25
30
10
10
40
0
20
31
10
10
55
10
20
240
0
6
4
10
0
0
10
0
0
10
0
0
10
0
0
10
0
10
0
10
0
0
0
10
10
0
0
10
0
0
10
0
0
10
0
0
10
0
0
10
0
10
0
10
0
10
0
10
0
0
10
0
0
10
0
0
0
10
0
10
0
0
10
10
0
10
0
0
10
0
0
10
0
0
20
10
0
10
0
0
10
0
0
0
0
10
0
0
10
0
0
10
0
12
10
0
0
0
10
85
10
0
25
10
0
0
10
0
0
10
0
0
10
10
0
0
0
10
0
0
10
10
0
0
10
0
0
0
10
0
0
11
0
0
10
0
81
20
31
0
0
10
0
0
0
0
10
0
0
10
0
0
10
10
10
0
0
0
10
0
0
20
0
0
0
0
10
0
0
10
0
0
10
0
0
10
0
10
929
10
52
10
106
133
0
0
10
0
0
0
0
10
0
0
0
10
0
0
10
0
0
10
0
0
0
0
10
0
10
0
0
10
0
0
10
0
10
0
0
0
10
0
10
0
0
10
0
0
10
0
0
0
10
0
10
0
0
10
0
0
10
0
0
10
0
0
0
10
0
0
10
0
0
10
0
0
10
0
0
0
10
0
0
10
0
10
0
10
0
0
0
10
0
0
11
0
0
10
0
0
10
0
0
10
0
0
10
0
0
10
0
0
110
10
10
10
10
0
0
0
0
10
0
0
10
0
0
10
0
0
10
10
0
0
0
0
10
0
0
10
10
10
0
0
0
0
10
0
0
10
0
0
10
10
0
0
10
0
10
10
10
10
0
0
0
0
10
0
0
10
0
10
0
0
10
0
10
0
10
0
0
10
0
10
0
10
0
0
0
31
0
0
10
0
0
10
0
0
10
10
10
10
10
0
0
10
0
10
0
0
10
0
0
10
20
0
10
0
0
0
10
0
0
0
10
0
0
10
0
10
0
0
0
20
70
10
0
10
0
0
0
10
10
0
0
0
0
10
0
130
0
0
10
0
10
0
0
0
0
0
10
0
0
0
0
10
0
0
10
10
0
1070
330
10
0
0
0
10
0
0
0
0
0
10
0
0
0
10
0
0
0
10
0
0
0
0
10
0
10
0
0
0
0
0
0
10
0
0
0
20
10
0
0
0
10
0
0
0
17
0
0
0
10
10
0
0
0
10
0
0
0
10
0
0
10
0
0
10
0
0
0
0
10
10
0
0
0
10
0
10
10
0
0
10
0
20
0
0
0
31
10
0
0
20
20
10
0
0
0
20
0
0
0
10
20
110
0
145
0
10
0
0
0
20
0
10
0
21
0
0
0
0
10
0
0
10
10
0
0
0
10
0
0
0
0
10
10
0
0
0
0
10
0
0
0
0
0
10
0
0
0
0
10
0
0
0
10
0
0
0
0
10
85
10
0
10
0
0
10
10
0
20
40
0
0
10
0
0
0
43
10
0
0
10
0
0
10
0
0
0
0
10
0
0
0
0
0
10
0
0
0
0
10
0
0
10
0
10
0
0
0
0
10
0
0
10
0
0
10
0
10
10
0
0
0
10
0
20
0
0
0
0
0
10
0
0
0
10
0
0
10
0
70
10
0
0
0
10
0
10
0
0
0
0
10
0
10
0
0
0
0
0
60
743
0
0
0
0
9
0
0
10
0
0
0
10
0
0
0
0
0
10
0
0
10
50
0
0
10
0
0
0
8
2
0
0
0
0
0
10
0
0
0
0
0
10
0
0
0
10
0
0
0
10
0
10
0
0
10
0
10
10
127
0
0
0
10
0
10
0
10
0
0
10
0
0
0
0
10
0
0
10
0
0
10
0
20
0
0
0
0
0
10
0
0
19
0
0
0
0
0
0
10
0
0
0
0
0
0
10
0
0
0
0
10
0
0
0
0
10
0
0
10
0
0
10
10
0
0
10
0
10
0
0
0
10
0
0
0
10
0
0
0
10
10
10
0
0
0
10
0
0
10
0
0
0
10
0
0
10
0
29
0
0
10
0
10
0
0
10
0
10
0
0
0
0
0
10
0
0
0
0
0
10
0
0
26
40
0
0
0
0
10
25
10
0
10
0
0
0
10
0
10
0
0
0
0
0
10
7
0
10
0
10
0
10
10
10
0
0
0
10
0
20
0
0
0
0
0
10
0
0
0
10
0
0
10
0
0
0
0
10
0
10
0
10
0
0
10
0
0
10
0
0
0
0
10
0
0
10
10
0
0
10
0
10
10
0
0
10
0
0
0
0
20
0
0
0
0
10
0
0
4011
0
0
0
10
0
0
0
20
0
0
10
0
0
0
0
10
0
50
0
0
0
10
0
0
0
10
0
0
0
0
0
10
0
0
0
0
0
0
10
0
0
0
10
0
0
0
10
0
21
0
0
10
0
0
10
10
0
0
10
0
0
10
0
0
10
0
10
0
0
0
0
10
0
0
10
0
9
0
0
10
0
10
0
0
10
0
10
0
0
0
10
0
0
0
0
0
0
10
0
0
0
10
0
10
0
0
10
0
0
0
10
0
0
0
10
0
0
10
0
10
0
0
10
0
10
0
10
0
10
10
0
0
10
0
20
0
0
0
0
0
10
0
0
20
0
0
0
0
30
10
10
0
0
10
10
0
0
0
0
10
10
10
0
10
0
0
10
10
0
0
20
10
10
0
10
10
0
0
0
0
8
7
0
0
10
0
0
20
0
0
13
10
0
11
13
10
0
0
10
0
0
10
0
10
0
10
0
10
0
10
0
0
0
10
0
10
22
10
10
25
10
0
10
0
10
10
0
0
10
0
0
10
10
0
30
0
190
10
0
10
0
10
0
0
10
0
10
0
0
0
0
0
10
10
0
0
0
0
0
10
0
0
0
10
0
0
0
0
10
0
0
0
0
10
0
10
0
0
0
10
0
10
0
0
10
0
0
10
10
0
40
125
0
34
25
70
10
25
10
10
95
0
10
77
10
0
10
10
0
0
0
10
0
10
0
10
0
10
0
10
0
0
10
0
20
10
10
0
0
0
0
10
10
0
10
51
25
10
20
10
20
10
10
10
35
0
10
10
25
11
10
10
10
30
10
10
0
0
10
45
0
10
0
10
0
10
21
51
10
32
45
10
0
10
10
25
482
0
10
0
10
0
0
10
0
10
0
0
10
0
10
0
10
10
0
0
0
10
0
10
10
0
0
10
10
0
0
0
15
10
0
10
10
0
10
0
10
0
0
10
0
10
0
0
10
10
0
0
0
0
10
0
10
0
10
0
10
0
0
10
20
0
0
0
10
0
0
10
0
0
0
10
0
0
0
10
0
0
10
10
0
0
0
10
0
0
10
0
0
10
0
10
0
10
0
0
10
0
10
0
0
10
0
0
10
0
10
0
0
10
0
10
0
0
10
10
0
0
10
0
0
0
0
10
0
0
10
0
0
10
0
0
0
10
0
10
0
0
10
0
11
0
10
0
0
10
0
0
0
10
0
10
0
0
10
10
10
10
10
0
10
0
10
0
10
0
10
0
10
0
10
0
0
10
0
0
0
10
11
10
0
10
10
0
10
0
10
0
0
0
10
0
10
0
10
10
0
0
10
10
0
0
10
0
10
0
10
0
10
0
0
10
0
0
10
0
10
0
10
9
0
0
10
0
0
0
0
10
0
25
0
10
0
10
10
0
0
10
0
0
10
0
10
0
10
0
10
0
0
10
0
10
10
0
10
0
10
0
0
0
20
10
0
10
10
0
0
0
0
0
10
0
10
0
0
11
0
0
10
10
0
0
0
10
10
0
0
0
10
10
0
0
10
0
0
10
20
0
0
10
19
10
10
0
0
10
0
0
0
10
0
0
10
0
9
6
0
10
0
0
10
0
10
10
0
0
10
0
0
0
24
0
0
0
0
10
0
0
27
0
0
0
712
0
10
0
0
0
0
0
10
0
0
0
0
0
10
0
0
0
0
20
0
10
0
0
10
338
575
137
0
0
0
0
10
0
0
0
0
10
0
0
0
0
0
10
0
10
0
0
0
0
10
10
0
0
10
0
0
10
10
0
10
0
0
0
10
10
0
0
10
0
0
10
10
0
0
10
0
0
10
0
0
10
0
10
10
0
0
0
0
0
10
9
0
0
0
0
10
0
10
10
10
0
0
0
0
10
10
0
0
10
0
0
0
10
0
0
10
0
0
10
0
0
0
10
160
20
20
0
10
10
10
20
0
20
0
0
0
0
0
10
0
0
0
0
0
10
0
0
0
10
0
10
0
0
10
10
0
0
0
10
10
0
0
0
0
10
0
40
0
0
10
0
929
10
0
0
0
0
50
10
0
0
10
0
0
0
10
0
0
0
10
0
10
10
0
0
10
0
0
0
10
0
10
0
0
0
10
0
0
0
10
0
0
0
10
0
0
0
10
0
0
10
0
10
0
0
10
0
10
0
0
0
0
10
0
0
10
0
0
0
10
0
0
0
0
0
10
0
10
10
0
10
0
0
0
10
10
0
10
0
0
10
0
0
0
10
0
242
25
0
0
10
0
0
10
10
0
0
10
0
0
0
10
10
0
10
0
0
10
0
10
0
0
10
0
10
0
10
0
0
10
0
10
10
10
0
0
10
0
0
10
10
0
10
10
0
0
0
0
10
10
40
280
10
0
0
10
0
0
10
0
0
10
0
10
10
10
0
0
10
0
10
11
0
0
10
0
10
0
0
10
10
11
69
231
100
132
116
10
0
10
10
0
0
0
10
0
10
10
