10
0
10
0
432
295
70
281
12
72
25
100
74
70
65
40
10
70
10
20
11
12
25
0
25
10
10
0
0
10
0
10
14
10
10
20
27
146
0
25
0
30
10
55
0
10
10
10
0
14
27
25
10
0
25
10
12
15
10
40
0
10
10
0
10
0
0
10
0
0
10
0
10
0
0
10
0
0
0
10
0
0
0
10
0
10
0
0
10
0
10
0
0
10
0
0
0
10
0
0
25
0
0
10
0
0
0
0
10
0
10
0
0
10
0
0
10
0
0
0
10
0
10
0
10
0
0
0
10
10
0
0
15
10
0
10
0
10
0
10
0
0
0
10
10
0
25
10
10
0
10
10
10
29
10
50
21
0
0
53
10
10
10
10
0
10
10
0
0
10
0
10
0
17
0
0
10
35
0
10
0
20
0
20
0
0
0
20
11
10
20
45
10
20
20
20
0
0
10
20
30
10
10
10
0
11
10
25
10
10
0
11
10
10
0
10
45
0
0
0
10
55
20
0
20
10
130
0
10
10
0
0
0
0
10
0
0
10
10
10
0
10
10
0
10
0
25
0
25
0
11
64
25
12
25
40
13
10
10
36
26
25
10
181
10
0
10
0
25
0
10
10
0
10
0
12
10
10
0
10
0
12
25
28
10
10
10
0
0
10
10
0
0
10
10
10
0
0
10
10
25
10
10
10
12
10
15
25
25
12
10
0
10
10
0
10
10
27
20
10
0
10
0
13
25
11
10
33
0
0
10
0
10
0
10
10
12
10
40
0
10
10
25
10
0
30
25
10
40
10
0
10
0
40
10
10
0
40
0
10
10
10
10
10
0
13
25
0
10
0
25
0
10
10
0
0
10
0
10
0
10
0
10
10
0
0
10
0
0
10
0
0
10
0
10
10
0
10
26
11
10
0
21
10
10
10
10
35
12
10
0
0
10
0
25
0
10
10
0
22
0
10
0
10
0
10
0
10
0
10
0
10
10
10
10
0
25
0
10
10
0
0
10
0
11
10
10
0
10
0
10
0
10
0
10
12
10
10
10
0
25
0
10
0
10
10
20
10
0
10
10
10
0
0
0
0
10
0
0
10
0
10
25
0
0
0
10
10
10
0
0
10
0
10
0
0
10
0
0
25
10
30
20
10
10
0
10
47
10
0
40
0
10
30
10
10
0
10
20
10
0
0
0
0
0
25
10
0
10
0
10
0
10
0
25
20
10
0
0
0
10
20
10
10
0
0
10
30
20
10
20
0
48
235
10
30
68
0
10
0
0
0
0
10
0
0
10
0
0
0
10
0
10
0
0
0
10
10
0
0
10
0
10
0
10
0
10
10
20
0
40
10
0
11
0
11
15
13
45
20
0
40
10
25
10
13
10
14
50
0
0
10
0
0
0
10
13
10
10
25
10
10
10
0
0
10
0
10
11
44
10
0
10
10
48
0
0
10
10
0
10
10
279
56
0
10
10
11
0
10
0
0
10
10
10
0
0
0
10
20
4
0
0
10
0
63
0
10
10
10
0
10
10
10
35
0
0
55
32
20
40
57
62
0
10
0
0
0
10
10
0
10
0
10
0
0
10
10
0
10
10
20
20
10
10
0
30
0
220
10
218
196
81
30
10
25
90
25
40
0
13
70
25
23
10
10
10
0
0
0
10
10
0
10
0
40
0
0
10
0
0
0
10
0
10
10
10
0
10
10
0
10
0
10
0
0
25
0
0
13
10
10
0
10
0
10
10
0
0
10
0
0
14
10
10
0
0
0
10
0
0
25
0
10
10
0
10
10
0
10
10
0
0
10
10
0
10
10
10
10
0
10
0
10
10
0
10
10
0
0
10
0
10
0
10
0
10
0
10
0
0
10
10
0
10
0
10
10
0
10
71
12
10
0
40
13
25
40
70
0
25
0
10
10
0
10
0
10
0
0
0
10
0
0
10
10
0
10
0
10
0
0
0
10
10
0
10
40
10
0
26
0
10
0
10
10
0
0
10
0
10
0
0
12
10
0
10
0
0
10
0
10
0
10
10
0
0
10
0
0
10
0
0
0
0
10
10
0
10
0
10
0
10
0
10
0
0
10
0
280
10
0
0
10
0
10
0
0
10
0
0
0
0
10
0
10
0
0
0
0
0
10
0
0
10
0
0
10
0
0
0
0
10
0
0
0
10
0
10
0
10
0
0
0
0
10
0
0
10
0
0
10
10
0
0
10
0
10
0
641
0
0
10
0
10
0
0
0
10
0
0
0
0
0
25
0
0
0
10
0
0
10
0
0
0
0
0
10
0
0
0
10
0
0
0
0
10
0
0
0
10
0
0
0
0
0
0
0
10
0
0
10
0
10
0
10
0
10
10
0
0
0
0
10
0
0
0
10
0
0
10
10
10
0
10
0
0
10
0
0
0
10
0
10
10
0
0
0
0
0
10
0
0
0
0
0
10
0
10
0
10
10
0
10
0
0
0
10
0
0
10
0
0
10
0
0
10
10
10
10
10
10
41
10
0
10
10
20
25
0
10
10
0
10
10
0
0
10
0
0
0
10
0
10
0
0
10
0
10
0
0
0
10
0
20
0
0
0
0
10
0
0
0
0
0
10
0
0
0
10
10
0
0
11
0
10
0
10
0
10
0
0
0
40
0
30
10
10
10
0
10
0
10
20
0
325
0
0
10
0
10
0
10
0
0
10
0
10
0
0
0
0
10
0
10
0
0
0
0
10
0
0
0
10
0
0
0
0
0
10
0
0
10
0
0
0
10
0
0
10
0
0
12
10
0
10
0
0
0
10
0
10
0
10
0
10
100
10
0
0
10
0
10
10
54
7
0
0
0
0
10
0
0
10
0
0
10
0
10
0
0
0
10
0
0
0
10
0
0
0
0
0
10
10
0
0
0
0
10
10
10
0
0
0
0
10
0
0
0
0
0
10
0
0
0
0
0
25
10
30
0
0
30
40
10
10
0
11
30
20
10
0
0
20
10
30
10
0
10
0
10
0
0
0
20
0
10
0
0
0
10
10
20
0
10
0
0
10
10
0
10
0
25
0
10
25
0
10
10
10
0
10
0
10
10
330
55
40
245
10
0
10
10
0
0
10
0
0
10
0
0
10
0
10
0
10
10
0
0
0
10
10
0
0
10
0
0
0
0
10
0
10
0
10
0
0
10
0
0
0
10
0
10
0
0
10
0
0
10
10
0
0
0
0
10
10
0
0
13
10
0
10
10
0
0
10
0
10
10
0
0
0
0
0
20
0
0
10
10
0
0
10
10
0
0
0
10
0
10
0
0
0
10
10
10
0
0
20
125
40
65
10
0
10
0
0
10
0
0
10
10
10
0
20
0
0
10
0
0
32
10
0
10
40
20
10
0
10
10
10
0
20
31
25
10
20
30
10
20
10
10
0
10
20
10
35
70
30
10
10
0
20
20
20
10
0
30
25
20
0
0
30
10
0
0
20
0
0
25
10
0
10
10
10
0
10
10
0
40
10
20
0
0
0
10
0
41
20
0
0
215
0
0
10
0
10
0
20
0
0
10
10
10
0
10
270
50
10
0
0
10
0
0
10
0
0
40
0
0
0
0
0
0
0
0
10
10
20
20
0
10
0
0
0
39
20
10
0
25
10
113
0
10
0
10
10
10
57
10
10
10
10
0
10
35
10
10
0
0
40
0
10
0
10
0
10
13
10
0
10
0
10
0
40
21
10
10
25
10
0
10
0
10
12
10
20
188
10
10
10
10
10
14
123
10
10
10
10
10
0
0
0
20
0
0
0
10
10
0
20
10
105
25
10
0
10
10
0
10
40
10
0
10
10
10
10
0
20
0
10
0
10
10
10
0
10
0
42
10
10
0
10
0
10
10
40
0
0
0
10
0
20
29
10
10
0
0
10
14
20
0
0
10
0
10
0
0
10
31
10
50
10
0
35
10
10
0
0
10
10
20
10
0
10
126
10
0
10
10
10
0
10
0
46
10
0
10
0
10
0
10
20
0
10
10
20
20
65
10
0
24
10
10
20
0
0
20
50
10
43
31
10
20
10
10
0
10
20
20
25
10
0
10
0
0
0
0
10
0
0
10
0
11
24
0
0
0
0
10
0
20
20
10
10
20
10
70
10
10
0
0
0
10
0
22
0
20
10
0
0
0
0
20
0
10
0
0
0
10
0
40
0
10
10
0
12
13
10
30
0
10
0
49
10
10
0
10
0
0
10
10
0
0
10
0
0
0
98
10
10
13
10
10
0
10
0
10
10
0
24
25
50
10
0
10
0
0
10
0
0
10
10
0
10
20
10
25
40
20
0
10
0
10
10
148
10
10
0
10
0
10
10
10
95
20
10
0
10
0
10
0
10
10
59
10
10
32
0
20
53
25
10
10
0
10
10
0
10
0
10
10
10
85
10
0
10
0
10
0
10
0
0
20
10
0
0
0
10
50
25
10
10
14
10
11
100
22
38
106
10
10
0
10
10
0
10
0
0
0
10
25
10
0
0
0
10
0
10
10
52
0
10
0
13
10
0
10
10
10
10
10
66
0
20
20
10
0
0
10
10
130
0
10
0
10
0
10
10
20
136
55
42
110
0
10
0
10
10
0
0
10
40
45
10
10
0
10
10
65
25
10
0
10
20
0
0
40
0
0
10
10
0
25
10
0
10
0
10
10
0
10
0
10
11
20
10
0
0
10
0
20
0
14
10
10
0
0
10
10
0
10
25
10
10
0
0
10
10
0
20
0
10
10
10
0
0
0
0
10
0
11
10
10
0
0
0
10
0
10
10
0
70
65
10
20
0
20
75
0
10
20
213
0
50
14
10
10
0
0
0
10
10
20
10
0
0
21
0
0
0
10
0
0
10
0
31
0
10
0
0
0
10
0
10
0
10
0
0
0
0
0
0
0
10
0
10
0
10
20
0
0
10
0
0
0
10
50
20
20
10
0
20
10
0
10
0
0
0
0
0
0
20
0
0
0
20
10
10
0
0
10
0
10
115
10
10
0
0
0
0
0
21
20
10
0
0
50
0
30
10
0
10
20
0
10
20
10
0
10
20
43
40
10
40
20
0
38
40
0
50
0
25
20
0
10
0
20
10
0
10
0
10
10
0
10
10
10
0
0
10
0
0
10
10
25
30
10
0
10
10
0
0
10
0
0
10
0
10
10
0
10
10
11
0
0
0
10
10
0
20
0
34
10
51
105
0
10
0
0
10
0
10
0
0
10
0
0
10
0
10
0
25
0
10
10
10
11
10
0
10
10
42
10
10
10
0
10
0
0
35
10
10
10
0
10
0
0
10
0
12
10
0
45
10
10
10
0
20
0
42
10
10
10
10
20
25
0
10
10
10
0
10
0
10
44
10
0
10
0
0
10
0
10
10
0
0
0
10
0
45
10
0
10
10
10
0
10
10
10
0
10
10
0
11
0
22
10
10
0
10
0
10
30
25
26
10
10
0
10
0
10
0
10
0
30
221
80
10
10
20
20
10
20
0
25
10
10
10
0
10
10
36
10
10
10
0
10
0
31
41
10
10
10
20
10
10
10
0
10
0
0
0
20
10
20
10
0
10
10
110
10
20
25
40
80
45
10
12
25
10
10
20
10
0
10
0
10
0
10
0
0
10
30
10
10
10
10
10
0
10
38
10
0
0
11
10
0
10
30
10
0
25
10
10
0
10
0
10
10
10
0
10
40
10
10
20
0
0
0
0
0
10
0
10
0
10
14
10
25
10
10
25
30
20
0
0
10
10
0
10
11
10
0
10
0
10
0
57
20
0
0
21
10
65
0
10
0
0
10
0
0
0
10
10
13
10
60
10
0
14
10
41
10
11
10
35
71
10
10
10
10
50
10
10
10
20
0
10
55
25
10
25
30
10
0
20
0
72
25
0
20
20
10
20
0
25
0
10
26
13
10
10
0
0
11
10
0
10
0
20
0
35
0
0
0
10
0
27
10
0
10
10
10
10
0
0
10
0
10
10
30
25
20
0
40
68
30
43
140
10
20
11
10
0
0
40
14
25
0
75
10
10
10
0
10
10
10
0
10
10
0
10
0
10
0
10
10
10
11
10
10
22
10
10
10
70
30
47
0
25
0
10
25
0
10
14
10
0
790
10
0
0
40
0
10
0
0
10
0
0
0
0
10
0
0
0
10
0
0
0
0
0
10
0
0
10
0
0
10
0
10
0
0
10
0
10
0
0
0
10
0
0
0
10
0
20
0
10
0
10
10
22
10
0
10
10
20
10
10
10
10
20
0
10
10
20
0
20
0
95
0
10
10
0
20
10
0
0
10
0
10
0
0
10
0
0
10
0
10
0
0
10
0
10
0
0
10
0
10
22
0
0
20
10
0
10
0
10
10
10
0
0
0
10
10
0
10
0
10
10
0
0
26
0
10
0
0
10
0
10
10
0
10
0
10
25
15
15
10
20
35
0
40
10
10
32
10
330
10
10
10
0
10
10
10
20
0
10
0
10
10
0
20
0
10
0
0
0
10
10
10
0
10
10
25
0
10
10
0
10
12
10
10
0
10
10
20
0
22
30
0
46
10
0
0
10
10
44
0
10
0
10
10
24
0
10
10
10
0
0
10
0
0
0
10
12
20
0
10
0
20
0
0
10
0
10
0
10
10
10
10
0
30
20
10
30
10
10
20
20
10
10
0
20
20
20
0
0
0
0
20
10
10
10
0
10
0
10
20
20
10
0
20
10
0
10
30
10
20
30
20
20
0
30
20
0
0
0
0
30
10
10
0
0
0
10
50
10
0
10
30
0
30
10
20
20
0
0
40
76
50
23
35
15
65
23
25
20
10
25
0
0
12
55
10
10
10
12
55
15
13
10
0
10
0
10
10
20
0
10
0
0
10
0
10
10
10
0
10
0
38
10
10
0
10
10
0
50
10
0
10
0
30
0
10
0
0
13
10
10
10
10
0
10
0
0
10
0
10
0
10
10
20
0
10
0
10
10
0
20
10
0
12
10
10
0
22
10
10
10
10
10
20
10
0
10
20
0
35
14
21
26
10
22
0
0
10
10
35
10
40
10
0
0
29
10
35
35
10
20
430
0
20
10
10
22
0
0
85
0
0
10
0
0
10
0
0
10
0
0
0
0
10
0
0
0
10
0
0
10
0
0
0
0
10
0
10
0
0
0
0
10
0
0
0
10
0
0
0
0
0
10
0
10
0
0
10
10
0
25
20
10
20
10
0
10
10
21
10
0
10
11
12
30
40
45
10
10
0
10
10
10
0
0
14
10
0
0
11
10
10
20
0
588
70
190
11
145
12
25
20
10
0
10
10
0
10
0
10
0
0
10
10
0
10
10
10
0
10
0
0
0
0
10
10
0
10
0
0
10
10
10
0
10
10
0
0
10
0
10
0
0
10
0
10
0
10
0
0
0
12
11
10
0
0
0
10
40
10
0
10
0
10
35
0
10
12
25
10
0
10
10
10
0
116
25
10
0
0
0
10
0
0
10
0
0
0
0
10
0
0
0
10
0
0
0
10
0
0
10
0
0
10
0
0
0
10
0
0
0
10
0
0
71
300
11
10
0
141
10
0
10
0
10
10
0
10
0
38
10
0
30
0
10
0
27
10
0
10
0
10
10
10
0
10
10
25
10
0
35
10
0
25
0
10
0
13
25
13
35
10
45
10
27
11
10
0
13
10
20
10
10
35
10
0
20
10
10
20
10
0
0
21
20
14
20
0
10
60
0
10
10
0
0
10
10
10
25
35
12
10
20
20
10
25
10
0
40
0
25
29
10
30
42
14
10
13
26
10
0
10
0
0
10
11
21
0
10
10
25
0
10
10
10
10
0
0
10
0
80
24
10
89
25
40
0
10
25
0
10
10
20
10
0
0
10
0
10
10
25
25
10
10
15
10
0
0
10
10
20
0
10
10
10
0
25
10
10
10
0
10
30
0
10
10
10
10
30
10
10
25
35
20
10
10
30
30
0
10
10
30
34
30
20
10
10
60
0
30
40
20
0
20
0
21
0
10
20
0
10
0
10
20
0
0
0
10
0
20
10
0
20
20
0
0
30
0
0
0
0
0
10
0
1213
10
0
0
10
0
0
10
0
0
0
0
0
10
0
0
0
10
0
10
0
0
10
0
10
0
10
0
0
0
10
0
10
0
0
10
0
10
10
0
0
0
10
0
0
0
10
0
0
10
0
0
10
0
0
10
0
0
11
10
0
10
0
0
10
0
0
0
10
0
0
10
0
0
0
10
10
0
10
10
0
10
0
0
0
10
10
0
0
10
0
10
0
10
10
170
30
0
10
10
0
10
0
0
0
0
0
10
0
0
10
0
10
0
10
0
10
0
10
0
0
0
0
10
0
0
0
25
0
10
0
0
10
0
0
10
0
0
10
10
0
0
10
0
0
0
20
0
0
0
0
10
0
0
0
10
10
0
0
0
42
10
0
0
0
10
10
10
0
0
10
0
0
10
10
10
51
0
0
10
0
0
10
0
20
30
10
0
0
10
0
10
0
10
0
20
0
20
10
20
0
10
25
0
25
33
20
95
25
56
20
0
25
0
10
10
10
0
0
0
0
10
1066
29
24
40
10
10
10
0
10
10
10
0
20
2982
35
20
10
0
0
10
0
10
0
10
0
0
0
10
0
10
10
0
0
0
10
0
10
0
0
10
0
0
10
0
0
10
0
0
0
10
0
0
10
0
0
0
25
33
0
20
0
10
189
206
44
0
20
104
70
178
486
0
20
0
10
0
0
0
0
0
10
0
10
0
0
10
10
60
97
92
0
10
10
10
10
10
0
0
10
0
0
21
10
10
0
0
10
0
0
10
10
0
0
0
10
0
70
20
10
0
96
32
31
30
0
60
20
0
55
50
50
30
10
20
30
30
10
50
10
40
10
10
0
60
20
0
30
35
0
10
10
0
0
51
10
30
0
0
20
30
35
0
0
55
20
30
20
20
0
0
60
10
10
20
0
10
0
10
0
10
30
10
20
97
20
40
0
10
10
10
55
10
51
25
20
56
20
10
10
10
10
101
10
10
0
25
23
153
70
45
80
25
28
46
10
315
44
25
10
30
10
0
25
132
21
10
20
0
46
0
10
20
11
10
40
10
10
38
20
550
120
50
249
13
55
10
180
25
10
0
10
25
158
146
20
119
10
10
10
0
20
10
0
0
0
10
0
0
0
10
0
0
0
10
0
0
10
10
0
0
0
10
0
0
10
0
0
10
0
0
10
0
10
0
10
0
0
10
0
10
0
11
0
0
0
10
0
0
10
0
10
0
10
10
10
10
30
10
10
0
25
27
15
23
10
10
20
0
50
25
0
10
39
60
20
45
0
20
85
99
52
0
52
20
0
51
10
35
21
20
10
0
10
82
30
61
40
92
133
124
83
123
10
30
20
0
10
24
25
0
141
135
3179
