23
22109
10
0
0
10
0
0
0
0
10
0
0
0
10
0
0
0
10
0
0
10
0
10
0
0
0
10
0
10
10
0
0
10
0
10
0
0
0
10
0
0
10
0
0
10
0
0
10
0
0
10
0
0
10
0
0
10
0
0
718
10
10
0
0
0
10
0
10
0
0
10
0
10
10
0
0
10
0
0
10
0
10
0
0
0
10
0
10
0
0
10
0
0
10
11
10
10
0
11
0
0
0
10
0
10
0
0
10
0
10
0
0
10
0
0
10
0
0
20
0
0
10
0
0
10
0
10
0
0
10
0
10
0
10
0
0
10
103
10
0
0
10
10
0
10
0
10
10
0
10
10
0
0
10
0
10
10
40
0
10
10
0
601
0
10
0
0
10
0
0
0
10
0
0
0
0
10
0
205
155
10
15
10
10
0
10
0
10
10
55
40
40
10
0
0
10
0
10
10
0
10
10
10
15
10
10
13
10
0
0
10
10
0
10
0
10
10
0
0
10
0
0
0
10
10
21
0
10
23
25
0
0
10
0
25
10
0
10
10
0
0
0
25
0
0
10
22
10
10
0
10
10
0
10
10
0
25
0
0
25
0
10
10
12
10
35
10
15
25
10
10
28
12
10
10
0
10
45
0
10
10
10
0
0
0
0
10
0
10
0
0
10
0
10
0
10
0
0
10
0
10
10
0
0
0
10
10
0
10
0
10
0
10
10
0
0
10
10
0
0
0
10
10
0
0
0
0
10
0
10
0
0
10
0
10
0
0
0
25
0
10
0
0
0
10
0
10
10
0
0
0
10
0
10
16
0
0
10
20
0
0
0
25
0
10
10
10
0
0
0
0
20
0
0
10
0
0
0
0
10
40
114
10
0
25
10
10
10
10
10
0
0
10
0
0
10
0
10
10
10
10
10
0
10
0
21
0
10
10
10
0
10
35
10
10
0
1140
0
10
10
30
10
0
10
0
0
0
0
10
0
0
10
0
10
0
20
10
0
10
0
0
0
0
0
10
10
0
10
0
10
0
10
10
0
10
10
0
10
0
0
10
0
10
0
10
0
0
10
0
0
10
0
0
10
11
0
10
10
0
10
21
10
0
10
0
10
10
0
0
10
0
10
0
0
10
0
10
0
0
10
0
0
10
0
0
10
0
10
0
10
0
225
10
10
20
0
70
10
0
0
10
0
0
0
0
0
10
0
0
0
0
0
0
10
0
0
25
10
40
0
10
10
20
42
20
0
10
0
0
0
10
0
10
0
0
10
0
10
0
10
20
0
0
30
0
10
30
50
20
0
10
0
0
0
10
0
20
10
20
10
10
10
0
20
10
10
0
0
0
20
20
10
0
0
0
81
10
0
0
0
0
0
24
20
0
10
0
0
0
0
0
10
50
30
20
0
10
10
0
0
10
0
10
0
0
10
0
11
10
0
0
0
10
20
70
30
0
10
20
0
10
20
35
0
10
20
40
20
10
0
0
30
10
61
0
10
10
0
10
0
10
20
0
10
0
0
10
0
20
10
10
0
10
10
0
0
10
25
10
20
80
0
20
118
10
40
40
89
0
10
10
0
30
15
245
123
10
10
0
0
0
0
0
10
0
104
10
0
10
0
0
20
0
0
0
0
10
0
0
10
10
0
0
0
0
0
10
0
0
9
7
0
0
0
10
0
0
0
0
10
0
0
0
10
0
0
0
10
0
0
0
0
0
0
0
9
0
9
0
0
0
0
0
0
0
0
10
10
0
0
10
0
0
0
10
0
0
10
0
0
0
10
0
10
10
31
20
60
156
22
20
34
0
10
10
40
45
10
0
10
11
10
10
10
20
10
10
10
0
60
10
0
20
55
20
10
30
0
0
0
0
12
36
10
25
0
0
20
30
324
33
14
26
25
25
10
10
10
10
0
15
10
20
0
10
55
0
20
202
20
10
10
0
10
0
10
28
10
0
10
10
0
10
10
40
0
0
10
25
0
13
10
10
10
10
10
0
0
10
12
10
11
10
0
10
0
10
0
10
10
10
10
0
10
10
0
10
0
0
10
0
0
10
20
0
0
0
10
0
0
10
0
10
0
0
0
10
0
0
10
0
0
10
0
0
25
0
0
10
0
0
0
10
0
10
0
10
0
0
0
0
10
0
10
0
0
10
0
10
0
0
10
10
0
0
10
0
0
10
10
0
0
0
10
10
0
0
0
10
0
0
0
10
0
10
0
10
10
0
0
20
0
0
10
0
0
0
10
10
0
0
10
0
0
0
10
0
10
10
0
0
0
30
0
0
10
0
0
0
0
0
10
0
0
0
0
10
0
0
0
10
0
0
10
0
0
0
10
20
0
10
10
10
40
10
10
70
165
10
24
10
0
0
10
10
40
25
10
0
10
11
10
0
25
10
10
0
10
0
0
10
10
10
10
0
0
10
0
10
0
10
0
0
25
0
10
0
20
10
0
0
0
10
10
0
10
0
0
0
10
10
10
35
10
10
20
40
20
10
0
25
10
0
10
10
0
0
10
10
0
10
10
0
101
10
10
0
10
0
10
0
10
0
0
10
0
0
10
0
0
10
0
0
10
0
0
10
0
0
10
0
11
10
0
0
0
10
0
0
0
10
0
0
0
10
0
0
10
0
0
10
10
10
10
0
55
10
10
10
10
0
0
0
10
10
0
10
0
0
10
0
0
10
0
0
11
10
0
10
0
10
0
0
12
10
0
10
0
10
0
25
0
10
0
0
0
0
10
20
10
10
0
50
0
0
0
10
10
0
0
0
0
10
10
10
10
10
10
0
0
23
0
10
10
0
0
0
10
22
20
0
0
0
0
20
35
10
10
0
10
10
10
0
0
10
10
20
0
10
10
10
10
0
0
25
0
10
0
10
0
10
10
0
10
10
10
0
10
10
10
0
0
20
10
0
20
0
0
10
10
13
10
10
0
0
10
0
25
0
0
12
10
0
10
10
10
10
11
10
40
10
0
10
10
13
10
10
10
10
0
0
10
0
0
20
0
0
0
0
10
0
10
0
10
0
0
0
0
0
0
0
10
0
10
0
0
0
10
0
10
0
0
0
11
10
0
10
0
10
0
10
0
25
0
0
20
10
0
0
0
0
10
0
0
10
0
0
10
0
0
10
0
0
10
0
10
0
0
10
0
66
10
0
10
0
0
0
25
10
0
10
0
10
0
0
10
0
0
0
0
10
0
10
0
0
10
0
10
0
10
0
0
10
0
10
0
0
40
95
25
25
47
55
10
10
10
25
10
12
291
60
10
9
0
0
0
0
0
0
0
0
10
0
0
0
0
0
10
0
10
0
10
26
20
0
10
0
0
10
0
10
20
0
0
10
0
0
0
0
10
0
0
0
20
0
0
0
0
10
0
10
0
0
10
0
0
10
0
0
10
0
0
10
0
10
0
20
0
0
10
0
0
10
0
20
0
0
0
0
0
0
20
20
0
0
0
0
0
10
0
10
10
0
0
50
10
220
30
113
10
0
10
0
0
0
10
0
0
0
10
0
0
10
0
10
9
10
6
0
0
6
0
0
0
20
0
10
0
0
10
0
0
0
0
10
0
0
0
0
10
0
0
0
0
10
0
0
0
0
10
0
0
10
0
0
10
0
0
10
10
0
0
0
0
0
10
10
10
0
10
0
0
0
11
9
0
0
0
0
10
0
0
10
10
0
0
0
10
0
0
0
10
10
0
0
0
0
0
10
0
10
0
0
0
0
10
0
0
10
0
0
10
0
21
142
307
0
21
10
0
0
10
0
10
0
10
0
10
10
0
10
10
10
0
10
10
0
10
20
10
0
10
10
30
0
0
512
10
0
10
0
0
10
0
0
0
10
0
0
0
10
0
0
10
0
10
10
10
10
0
10
10
10
25
55
0
10
10
10
10
0
0
10
10
10
0
0
10
0
10
0
0
0
10
0
0
10
0
0
10
0
10
0
0
0
10
0
10
0
0
10
0
0
10
0
0
0
10
0
0
0
10
0
10
0
10
0
0
10
0
0
0
0
10
0
326
30
10
0
10
0
0
10
0
0
0
0
0
10
0
0
0
10
0
0
0
10
0
0
10
0
0
0
10
0
0
10
0
0
10
0
10
0
0
0
0
10
0
10
0
10
0
0
10
0
0
0
10
0
0
10
0
0
10
0
0
0
10
0
10
0
0
0
0
10
0
0
0
10
0
10
0
0
10
0
0
0
10
0
10
0
10
0
0
0
0
10
0
10
0
10
10
0
0
0
10
10
0
0
0
10
0
0
10
0
0
10
0
0
0
20
0
10
0
10
0
0
0
0
0
10
0
0
0
0
0
10
0
0
10
0
10
0
10
0
0
13
10
0
10
0
0
0
0
10
0
10
0
30
10
40
10
25
10
0
10
386
1506
10
10
0
70
231
25
10
0
10
0
0
0
10
0
0
10
10
43
10
10
0
0
10
0
0
10
0
10
10
0
10
0
0
40
0
10
0
0
10
0
10
0
0
15
10
0
10
0
0
10
0
0
0
10
0
0
10
0
10
0
0
10
0
0
10
10
0
10
10
10
0
0
10
0
0
0
0
10
0
10
0
10
0
0
0
10
0
0
10
10
0
0
0
10
0
0
0
10
0
10
0
0
10
0
0
0
10
0
0
0
10
0
10
0
10
10
0
0
0
0
0
10
0
0
10
0
0
10
0
0
0
10
0
0
10
0
10
0
20
0
10
0
10
0
0
10
0
0
10
0
0
10
10
35
0
10
10
0
0
10
10
0
10
0
0
0
10
0
10
0
0
10
0
0
0
0
10
0
10
0
10
0
0
10
0
0
0
10
0
0
10
0
0
10
0
10
0
0
0
0
10
0
0
10
10
10
26
70
64
132
10
40
0
10
10
69
10
10
0
10
10
0
0
10
10
0
20
0
0
0
10
0
10
0
12
10
0
10
0
0
0
25
0
10
10
0
10
0
10
10
0
0
0
20
10
0
0
10
10
0
10
10
0
0
0
10
0
0
10
0
20
0
0
10
0
10
20
0
0
10
0
0
10
0
0
0
20
10
0
0
0
10
0
0
10
0
100
20
0
10
0
0
0
0
10
81
0
10
0
0
0
10
0
0
0
0
10
0
0
10
10
0
0
10
0
0
0
0
25
0
10
0
0
0
10
0
0
10
10
0
0
0
0
10
0
0
10
0
0
10
0
0
10
10
0
0
0
0
10
0
10
0
10
10
0
10
235
85
245
0
0
10
0
10
10
0
0
10
42
76
10
10
0
10
0
10
0
29
10
10
10
10
20
10
10
10
10
0
0
10
10
10
0
10
0
0
10
0
93
10
52
10
0
10
0
10
10
10
25
25
54
10
40
40
75
0
71
10
0
0
10
10
80
13
10
10
0
40
0
13
58
12
10
10
0
10
0
0
10
10
282
145
0
10
10
10
0
10
0
10
10
0
10
10
0
25
194
10
0
10
0
0
10
0
0
0
10
0
10
0
14
10
0
10
0
0
10
0
0
10
10
0
0
10
0
0
10
0
0
10
0
0
10
0
0
10
0
0
10
0
0
10
0
0
10
10
10
10
0
0
0
0
20
0
0
0
10
0
0
10
0
0
10
0
0
20
0
10
0
0
0
0
10
0
0
10
0
0
10
0
0
0
0
10
0
0
10
0
0
10
0
10
0
0
10
0
0
10
0
0
10
10
0
0
0
10
0
0
0
13
20
20
0
0
0
0
20
1554
11
27
25
135
57
10
10
45
100
25
10
20
25
10
0
10
0
10
0
10
0
10
0
0
10
0
0
10
0
10
0
0
0
10
0
10
0
10
0
0
10
10
20
0
10
0
10
10
25
10
0
10
0
10
0
0
10
10
10
0
0
100
0
666
0
0
10
0
0
10
0
0
0
0
10
0
0
0
10
0
0
0
10
0
0
10
0
0
0
10
0
0
10
0
0
10
0
0
0
0
0
0
10
0
0
10
0
10
10
0
10
0
0
10
0
0
0
10
0
0
10
0
10
0
0
0
10
0
30
30
80
10
10
10
0
0
10
0
0
0
10
0
10
0
0
10
10
0
0
0
0
31
0
10
0
0
0
10
0
0
0
10
0
10
0
0
10
0
10
0
10
0
10
0
11
0
10
0
10
0
0
0
20
0
10
0
10
0
0
10
0
10
0
10
0
10
0
0
10
0
0
10
0
10
0
10
0
0
10
0
0
10
0
0
20
0
10
0
10
0
10
0
0
0
10
0
0
10
0
0
0
10
0
10
0
0
10
10
0
0
0
10
0
0
0
10
10
0
0
0
0
10
0
10
0
10
0
0
0
10
0
0
10
0
0
10
0
10
0
10
10
0
10
0
0
0
10
0
0
10
0
10
10
10
0
0
0
0
10
0
0
0
10
0
0
0
10
0
10
0
10
0
0
0
10
0
0
10
0
0
0
10
0
10
10
0
10
20
8
0
0
0
0
1
10
0
0
10
10
0
11
10
0
0
0
10
0
0
10
10
0
0
10
0
0
10
0
0
10
10
10
0
0
10
0
10
0
10
21
0
0
59
20
0
10
10
10
0
40
0
10
10
10
10
10
10
0
0
20
310
0
50
20
0
0
20
0
0
10
23
25
23
10
10
0
55
10
0
56
0
10
10
21
0
0
0
10
0
25
10
0
55
10
0
0
20
0
0
0
0
25
10
385
10
10
10
10
20
0
0
9
10
0
0
0
220
0
0
0
10
0
0
0
10
0
13
50
10
0
10
0
0
0
0
0
10
0
0
0
0
0
10
0
0
0
0
0
10
0
10
0
10
0
0
10
0
0
10
10
0
10
0
10
0
0
9
0
0
10
0
0
10
0
9
10
10
10
0
0
190
0
10
0
0
0
0
20
0
0
400
25
31
10
20
0
0
10
10
0
0
10
0
0
10
0
0
0
0
0
10
0
0
0
0
10
0
10
0
0
0
10
0
10
0
0
0
10
0
0
10
0
0
10
700
0
0
10
0
5
0
10
0
0
10
0
10
0
10
0
214
969
10
0
12
10
0
0
0
0
0
0
0
10
85
0
0
0
10
0
0
0
0
0
10
310
10
0
0
10
0
0
10
0
0
10
0
0
0
0
10
0
0
10
0
0
10
0
10
0
0
0
260
10
0
0
9
0
0
10
0
0
0
10
0
0
0
0
10
0
10
0
0
0
10
0
10
0
0
0
20
0
0
0
0
10
0
0
0
0
10
0
10
0
0
0
10
0
0
0
0
10
0
0
0
0
0
10
0
0
0
10
0
0
10
0
10
0
10
0
10
0
265
0
0
10
0
10
10
0
0
10
0
0
10
0
0
0
0
10
0
0
0
10
0
0
10
0
0
0
0
0
0
10
0
10
0
0
0
10
0
0
0
10
0
0
10
0
0
0
0
0
0
0
10
0
0
0
10
0
10
10
0
10
0
0
10
0
0
0
10
10
0
10
164
10
0
0
10
0
10
0
0
0
10
0
0
0
50
0
10
0
0
0
10
0
0
0
1
10
0
0
0
0
0
10
10
10
0
0
0
0
10
0
0
0
10
0
0
10
0
0
0
0
10
0
10
0
0
10
0
0
10
0
0
10
0
0
0
10
10
0
10
0
0
10
0
0
10
0
0
10
0
10
0
10
0
0
50
0
0
0
0
10
0
10
10
0
0
0
0
10
0
0
10
10
10
10
20
0
10
10
0
74
10
10
20
0
10
0
10
20
10
20
0
0
0
0
0
0
930
74
20
10
0
0
10
0
0
0
0
0
0
0
0
10
0
0
0
10
0
0
0
11
0
10
0
0
0
10
0
10
0
10
10
0
0
0
0
10
0
0
10
0
10
0
0
10
0
0
10
0
0
0
10
0
10
0
10
0
0
10
0
0
10
0
0
0
0
10
0
0
0
10
10
0
0
10
0
10
10
42
35
0
10
0
10
0
0
0
0
10
0
0
0
0
0
10
0
0
10
0
10
10
0
0
10
0
0
20
25
0
10
0
146
10
0
10
0
10
0
0
10
0
10
0
0
10
0
0
10
0
0
10
0
0
0
10
0
0
0
10
0
0
10
0
10
0
0
10
0
10
10
0
0
10
0
0
0
10
0
0
10
0
0
0
10
0
10
0
0
0
10
0
0
0
0
10
0
0
0
0
10
0
0
0
10
0
0
0
10
0
0
10
0
0
0
10
0
10
0
0
10
0
0
10
0
0
10
0
10
10
0
10
0
0
10
10
10
10
0
20
10
0
10
11
10
0
10
45
0
10
10
10
10
10
0
10
10
0
10
0
10
0
10
10
0
0
10
0
55
10
0
10
10
0
0
10
10
0
0
0
10
10
0
0
10
0
0
10
0
0
0
10
0
0
10
10
0
10
0
10
0
10
0
20
0
10
0
10
0
10
10
10
0
10
0
10
10
0
10
10
0
10
0
0
0
10
0
0
0
10
0
10
0
0
0
10
0
0
0
10
0
10
0
10
10
0
0
10
10
25
0
10
10
1331
0
0
10
25
10
0
10
0
0
0
10
0
0
0
10
0
0
0
0
10
0
0
0
10
0
0
0
0
10
0
0
0
0
10
0
0
0
10
0
0
0
0
10
0
0
10
0
0
10
0
10
0
0
0
10
0
0
10
0
10
0
0
0
10
0
10
0
0
10
0
0
10
0
0
0
10
0
0
10
0
10
0
0
10
0
0
10
0
10
0
0
0
10
0
0
0
0
10
0
10
0
0
10
0
0
0
10
0
10
0
10
0
0
0
10
0
0
0
10
0
0
0
10
0
10
0
10
10
0
0
0
10
0
0
10
0
0
10
0
0
10
0
0
10
10
0
0
0
0
10
0
0
0
10
0
10
0
0
10
0
10
0
0
10
0
10
10
0
0
0
0
10
0
10
0
0
0
0
10
0
10
0
0
0
10
0
10
0
0
10
0
0
0
0
10
0
10
0
0
0
10
0
0
10
0
0
0
21
0
20
0
0
0
10
0
0
0
0
20
0
0
0
0
10
0
0
0
1855
0
0
0
10
0
0
0
0
0
10
0
0
0
0
0
0
0
10
0
0
0
0
0
10
0
20
0
0
10
0
0
0
0
0
10
0
0
0
0
0
0
10
0
0
0
10
0
0
0
0
10
10
0
0
0
10
0
0
0
0
10
0
10
0
0
0
0
10
0
30
246
10
10
0
0
10
0
10
0
0
0
0
0
0
0
10
0
0
0
0
0
0
10
0
0
0
10
0
0
0
0
10
0
0
10
0
0
10
10
0
0
0
10
0
0
20
0
0
0
0
10
10
0
0
0
0
0
10
0
0
0
0
10
10
0
10
0
0
0
0
10
0
10
0
10
0
0
0
10
0
0
0
10
0
10
0
0
0
0
10
0
10
0
10
0
0
10
0
0
10
4
2
0
0
10
0
0
0
10
10
0
0
0
10
0
0
11
10
0
0
0
10
0
10
0
0
10
0
0
0
0
0
10
0
7
0
0
0
0
10
0
0
0
0
0
10
0
10
0
0
21
0
0
8
3
0
0
0
0
0
0
0
0
10
0
0
0
32
0
0
0
0
10
0
10
0
30
0
0
10
0
10
123
95
0
10
0
0
0
10
0
0
0
20
0
0
10
0
0
0
0
10
0
0
0
10
0
0
0
10
6
0
0
10
0
0
0
0
0
20
10
10
10
0
10
0
0
0
0
0
30
10
10
20
0
0
0
30
20
0
459
10
0
0
0
0
0
0
0
10
0
0
0
10
0
0
0
10
20
0
0
10
0
0
0
94
0
0
0
10
0
0
0
0
0
10
10
0
0
0
10
0
0
0
20
212
10
0
10
0
10
0
0
0
0
0
20
0
10
0
0
0
420
0
10
0
0
0
10
0
0
0
0
10
0
0
20
10
0
0
0
10
0
0
0
10
10
0
0
10
0
0
0
0
0
10
0
9
0
0
0
10
0
10
0
10
10
0
0
0
0
10
0
10
0
0
0
10
55
0
0
0
0
0
0
0
0
10
10
0
0
10
0
0
0
10
0
10
10
0
10
0
0
0
10
0
0
0
0
10
0
0
10
0
10
0
10
10
0
10
0
0
0
0
10
0
10
0
8
0
0
0
0
0
10
10
0
0
0
10
0
0
10
0
0
0
10
0
10
0
11
20
0
0
55
10
30
0
10
0
10
29
10
10
0
20
0
0
10
0
10
10
0
0
20
0
0
0
10
0
0
10
0
0
0
10
0
10
0
10
0
0
0
0
415
10
0
0
10
25
10
0
0
10
10
10
6
5
0
0
0
5
0
9
0
6
0
0
0
0
0
0
0
0
10
0
10
0
0
10
0
0
10
0
0
10
10
0
0
10
0
0
0
10
10
0
0
0
0
10
0
0
10
0
10
0
10
0
10
0
0
10
0
10
0
0
0
10
0
10
0
10
9
0
0
10
0
0
10
5
0
0
0
0
0
0
0
0
10
0
0
10
0
10
10
0
0
0
0
25
0
72
30
10
20
50
10
10
25
0
10
10
0
0
0
11
0
0
10
0
0
10
0
10
10
0
10
0
0
0
0
0
10
0
0
10
0
10
0
0
10
0
0
10
0
10
0
10
0
0
0
10
10
0
20
0
0
10
0
10
0
10
10
0
0
0
10
0
8
0
0
10
0
10
0
0
10
10
0
0
0
10
0
0
10
10
10
0
10
0
10
0
10
0
0
10
0
10
10
0
0
0
0
0
10
0
0
0
10
10
0
105
10
0
10
10
0
20
10
0
0
10
0
0
0
0
25
10
0
0
0
75
212
10
0
10
10
0
10
0
0
10
10
0
0
0
20
20
0
0
0
0
0
10
0
0
0
0
10
0
10
0
0
10
0
0
10
0
10
0
10
0
50
60
30
20
10
10
0
544
0
10
0
10
0
0
0
0
10
0
0
0
0
10
0
10
0
10
40
0
10
55
13
14
20
21
45
10
10
22
25
10
29
10
10
10
40
20
0
10
10
10
35
10
10
10
10
0
10
0
10
0
10
10
14
30
0
0
0
10
10
13
11
10
181
40
41
10
10
0
26
52
0
12
25
0
10
0
10
0
40
10
10
25
10
0
0
10
0
0
10
0
0
0
9
0
10
0
0
10
0
13
10
10
0
10
10
13
20
10
0
32
10
0
10
0
0
20
10
0
0
0
10
20
10
10
0
35
41
50
170
23
150
771
40
0
10
0
0
10
0
0
0
10
0
0
0
10
0
10
0
0
0
0
0
0
0
10
0
0
0
10
0
10
0
0
0
10
0
0
10
10
0
0
10
10
0
0
10
0
0
10
0
0
10
0
10
0
0
10
0
10
0
0
0
10
0
0
0
0
10
0
0
0
10
0
10
0
0
10
0
0
10
0
0
10
0
0
0
10
0
10
0
10
0
10
0
10
10
0
0
0
0
0
10
0
10
0
645
10
10
0
10
0
0
0
0
0
10
0
0
64
221
175
40
295
0
0
0
13
10
0
0
0
10
10
0
0
0
0
0
10
0
10
0
0
10
0
10
0
10
0
10
0
10
0
0
0
0
10
0
10
0
10
0
0
10
0
0
10
0
0
10
0
0
10
0
0
10
0
0
10
0
10
10
0
0
0
0
10
0
0
0
11
0
0
0
0
10
10
0
0
0
10
0
10
0
0
10
0
10
0
0
0
10
9
0
0
0
0
0
10
0
0
0
0
0
10
10
10
0
10
25
10
10
38
47
10
10
10
1841
10
25
10
10
0
0
0
10
0
0
0
10
0
0
10
0
0
0
10
0
0
0
0
0
10
0
0
0
0
10
0
0
0
10
0
0
10
0
10
0
0
0
11
0
0
10
0
0
10
0
10
0
10
0
0
0
10
0
0
10
0
0
10
0
0
10
0
10
0
0
0
10
0
0
10
0
10
0
10
0
0
10
0
0
10
85
0
0
10
0
10
0
11
10
0
0
10
10
0
0
10
9
0
0
0
10
0
10
0
10
0
0
0
0
10
0
10
0
10
13
25
93
10
30
0
10
10
27
40
56
0
10
0
55
0
10
0
10
0
35
25
46
25
0
25
0
0
80
10
10
0
12
13
75
10
40
113
0
29
10
25
40
10
10
10
35
10
20
35
10
10
526
10
10
0
0
0
0
0
20
0
0
10
0
20
158
130
40
60
195
