228
406
998
2026
1872
1119
1417
4686
1960
4488
4873
5320
660
1090
837
5063
4780
4942
577
316
5029
4810
13437
5014
5048
5162
690
765
5302
6253
853
5726
6966
917
3155
1036
7872
8053
183
356
1227
8180
1268
8113
1403
1624
1331
1838
1658
1760
8691
8478
8240
660
1049
9112
9222
9541
9472
3235
9746
3275
11464
3342
3506
3663
3729
10558
10064
9471
1426
3772
1569
9269
5210
4927
3833
1608
1733
318
11168
10893
11840
430
427
611
533
2136
2405
967
857
611
686
17148
17235
17080
1931
1983
16990
15872
8101
8991
14036
15690
5589
1685
1195
5398
13599
7932
5682
989
788
969
2474
3097
920
12182
3134
12328
12561
848
1157
13676
13947
14865
14488
3388
3342
1108
3096
1182
2093
2118
2291
2593
862
703
22593
1065
935
1017
694
16430
21938
16118
810
2896
933
3042
1094
3601
5113
772
7566
9287
3769
3017
1107
7597
7544
1916
7645
1787
9026
7507
8501
4039
16874
16697
8575
8494
20313
2420
17706
17230
17357
17387
8496
3714
4525
1374
1522
9041
8833
1670
5317
5153
9083
1443
9346
10854
1484
10896
13615
3736
3864
19220
21191
4884
1588
1514
17976
10991
10907
3528
2789
2899
21438
19168
1219
1060
9599
3090
8991
6739
17446
7256
1424
11011
892
12366
16612
10979
10283
15954
9987
717
10960
509
5096
7403
4255
1072
1147
1344
732
794
526
1677
1577
2474
2641
17340
2249
2010
2608
9003
2194
9173
37168
3902
3991
10521
2515
15903
4537
8665
8769
5213
17098
38435
38383
18441
18737
38352
43692
1857
37250
1723
41225
2309
43791
44714
2285
37643
41104
9738
38553
41857
41684
7004
7404
16968
37320
44158
8319
16209
8388
8086
17561
29895
12485
1802
6308
6357
1872
1583
15548
15500
34150
33853
1235
4144
1929
1816
1995
7378
4402
7437
4149
14860
15107
16623
17758
1638
33027
1757
32842
4521
3943
28340
29178
28059
27964
3175
3273
3290
2938
4437
12729
3884
10138
2384
10084
1614
1882
9618
8764
4130
4602
18845
19613
1293
21296
1021
21227
26294
1765
1751
4982
3759
1082
1295
8246
8474
1580
1624
26309
26442
26169
12142
1588
1730
2398
1720
1532
1713
1842
31783
9080
9381
1454
31027
2621
1575
2037
5100
4800
28326
8493
27878
2665
779
24695
24523
10813
2324
6562
1634
1653
1988
1641
1573
1165
1906
27380
27168
1748
1839
1986
2706
1671
2067
2107
1996
1684
9389
9345
2591
1728
9361
4118
9503
4530
9610
13546
9444
13400
25510
24804
24694
24481
23979
33670
33334
4552
33172
31722
34670
32973
32261
32777
9506
5938
16686
15798
6509
5155
4611
1414
2759
12247
11959
12289
12142
13190
13827
4903
5030
14723
14029
28841
27056
14797
15597
7453
6199
15619
15724
15904
16101
24375
24427
2253
2971
2705
25216
25053
16771
17112
2180
1944
2280
2367
15161
14863
7020
7143
2835
7193
7371
7635
2738
3095
23620
7750
2863
2898
22719
22543
22454
28690
2967
28480
2584
28173
21546
22084
21241
1014
27029
21408
26871
13845
14700
14376
13779
18955
16011
15727
5345
6532
6662
2928
2189
3776
3534
12402
12311
3848
12203
2224
7750
7587
2976
9680
3948
6271
1681
6193
6621
6251
2489
1616
25181
24006
8996
6803
21017
2342
2571
10649
12216
11727
3050
10317
12018
12052
2344
1812
1809
2064
12663
12226
2211
3633
26545
8496
10759
1769
8550
7843
7766
1893
1653
1565
11410
6958
6353
6457
6314
-30346
10809
10469
16044
23582
15772
15271
7966
7690
11127
10790
18726
6180
5703
19884
5629
17482
5282
5387
17855
13932
10174
4076
3970
5236
4175
3975
16740
16029
12779
19971
20638
21579
20462
20050
12537
4615
4184
16965
17806
3041
2158
15620
16192
2618
2624
18163
2652
2684
2238
2260
2243
2193
2293
14826
14766
13587
1572
8966
8569
15002
5181
4945
9135
9532
6704
10123
9437
9693
9533
6731
9261
8234
7751
5261
5623
1078
747
