3168
4449
2991
2721
17220
16737
4619
4696
9918
9169
9631
16145
1614
4833
4573
1724
12854
12063
14720
14930
3984
3935
968
6885
13327
13031
5749
4605
5093
11483
16092
15402
16184
4730
4568
5019
11565
5200
11686
14349
4210
3812
14214
5203
16646
5060
5372
6447
5358
6244
4091
3798
5159
3579
5787
11802
4156
11454
26601
26784
4232
11516
11040
4547
10945
3881
5434
5305
9486
10030
6321
12103
12524
19979
6066
18687
5921
20965
10625
6373
10739
10963
6248
5985
5541
5754
5601
5409
10314
10371
17520
18197
8074
6293
12013
3940
4204
4032
5313
5130
13682
869
11312
12088
1124
1018
2900
2744
1061
835
980
844
969
1056
1486
773
2860
2249
7238
7103
4052
3407
3668
2347
3459
3517
3155
3692
3707
5837
5976
5832
6293
11660
210
177
4301
4550
12843
9572
6445
16126
15656
16548
1063
1389
16116
4006
15938
15814
7463
5159
7307
7502
952
5374
801
4199
4537
5748
5316
1003
4998
683
4698
5948
6436
5656
7443
6525
6247
7637
7063
3687
2470
7609
7329
4265
7515
7899
7774
7674
8017
14979
14778
15165
15068
4985
5012
16259
19616
3601
3655
3989
6669
1904
3737
3874
17491
17651
8008
7828
15190
15049
16479
16753
7172
5808
14816
14116
9018
9162
1169
923
8876
8742
8490
718
8382
559
6735
12389
12250
13270
13195
6538
6660
11801
7716
6865
11081
11499
4444
17087
6550
6751
5446
10514
7507
7223
430
10217
10011
4795
16693
4491
16024
15777
1211
12758
11914
1989
1225
368
964
2887
27581
28054
28674
10718
4683
3977
4639
5143
4102
5006
5524
5358
13767
10801
5500
6416
6154
6903
4944
5498
3608
4097
8602
6980
7989
8713
10173
9436
8614
7854
4251
1360
4344
1680
726
7492
7287
8022
8261
8458
8989
8613
9230
9434
9499
1014
3695
1373
3353
4054
9625
3748
9766
11125
11179
12073
19487
4664
11391
11717
3306
1378
1572
2274
11349
11992
11598
12319
12562
12739
15652
1430
3941
4167
4317
4491
4968
4623
5179
6853
6635
6961
15696
7174
15985
16855
17439
16417
17973
17599
18199
7991
18635
18483
7483
7647
7763
8896
8648
9066
9216
9594
10173
9456
10445
10322
11427
11600
10721
10998
14441
11946
14816
14745
14567
14982
14908
15833
15927
17851
13098
12972
15277
14146
15570
15873
16473
16623
16821
16909
3348
3645
6354
4491
5920
7426
7086
7844
8229
7140
8402
8915
