4025
8158
1913
8492
2074
2906
2435
1831
2411
1049
254
2277
1377
30442
11484
3646
608
646
405
287
981
823
552
90
323
5195
5513
330
6632
1372
6322
1107
806
6655
1299
6781
6891
1905
1367
1750
1636
1570
1708
1462
1856
7077
7412
6962
1238
7749
7574
2227
7933
368
1992
489
574
650
2047
3083
852
2410
2578
692
85
8564
150
2746
8566
949
3165
819
3128
947
2922
1009
1464
1222
1136
9270
1259
9065
577
719
966
821
1840
1593
1919
1338
9334
3949
9407
35212
3704
9903
10137
3519
3851
4905
4489
6097
5289
2504
2745
1331
1976
5142
4253
1901
2080
5043
5677
2594
2786
2166
2641
2539
10187
9905
5500
6035
10757
10397
12546
10971
5971
6640
3393
2504
2860
15766
15992
3088
3638
3935
5206
3518
3177
3121
13990
2978
13550
809
2329
952
12776
2628
2769
3045
12882
3125
3295
1889
11697
11136
2054
2498
2338
4502
2993
1113
1520
3029
1942
3274
13962
13748
4265
4209
3136
2786
3355
3185
1233
1001
4431
4027
4290
4142
4562
4471
3674
3868
1738
1419
2583
2227
13463
3825
13322
5106
13544
1541
13753
5215
1659
4301
14364
13861
2130
1780
2621
1905
4475
4656
14928
5150
12709
553
765
3389
3570
3306
897
1158
3450
861
132
1247
573
13131
14532
19216
4559
3823
4152
1222
1375
19391
4324
4513
1545
5022
4915
1715
1604
1720
9875
5267
5123
981
632
10274
11699
9747
10013
9254
8702
9105
9526
8769
8923
9236
26932
11063
8974
12315
7786
26649
7759
2281
1745
19641
2428
3266
19514
2936
2113
19774
5083
5480
21042
2727
2977
7959
25799
1103
2528
2148
1479
3506
26150
3366
25301
18519
25058
18415
26011
13412
24795
10905
22928
22551
10513
6282
6907
9212
6443
6284
8423
9039
4439
8017
25904
7662
18079
24395
12212
12358
12738
5472
12364
5248
4987
5473
5371
5645
5731
7324
11230
6463
10922
3275
4920
4672
3123
3280
23926
23168
10779
18704
10106
6377
23934
6037
23292
4736
5980
7389
6866
4313
5562
22413
5218
5240
2134
2057
2255
5296
5438
5266
5646
1672
3434
3335
20717
2515
20861
5792
5990
3887
4043
22274
5804
4892
5465
7999
4985
3429
3046
22212
21782
2986
4363
3450
3139
2988
2830
20999
4430
2647
20766
4281
3317
7397
2727
4046
6945
3428
3642
3876
3109
4116
8158
7550
2423
6676
5679
9599
2229
9413
6928
7133
2771
21124
4207
1598
12409
12054
2208
12484
12248
16959
16650
2597
8138
13617
12656
2465
2738
1869
168
11759
16615
11983
16823
13431
1782
1534
12814
14088
14379
8891
8711
8287
8536
13767
9074
9413
17225
17086
14010
17356
17192
17273
2124
17126
8186
2306
14358
7995
12733
14094
12427
12049
12244
10698
11316
3235
3471
14758
14225
12613
1946
1232
860
16480
7633
7700
13927
15053
14781
300
12725
18361
11395
11047
3568
4329
705
714
873
1112
5026
12862
12171
12474
12742
1231
12465
4133
3557
4331
1124
1399
4712
1639
8163
4210
6831
5556
4498
4401
2470
2118
4025
1911
4811
10686
4047
2958
10450
3326
3264
2974
1349
11278
2118
2273
1432
1363
1520
1447
1942
1383
1138
147
329
780
525
6530
643
298
6693
185
1226
204
422
520
430
2985
389
593
14767
330
284
247
340
398
127
136
316
2140
2243
2238
2054
2330
2192
3046
2420
2168
2016
2099
2204
2287
2391
2200
2090
2319
2400
2399
2283
2202
2577
2110
1347
7624
1807
2789
1978
1203
2034
2090
3492
2272
2062
2527
546
1324
2962
325
965
2672
663
2826
2786
2827
3287
2112
1443
3032
3379
1349
1222
17577
1874
1709
17109
219
16145
1908
1759
398
780
454
1524
558
1468
1157
1254
1744
1487
2028
1487
2155
176
1887
1551
1193
1666
2028
2154
2465
2356
2549
1371
2493
2413
1200
1750
631
1784
1859
1784
1004
1921
1106
1147
846
1491
549
1901
1777
856
5167
292
865
720
904
3653
1098
294
1565
344
1660
1547
1738
1851
1808
3845
3260
3031
550
1360
3058
1819
4465
1014
3303
728
3634
3445
3312
3426
1458
3564
3455
1434
3068
236
2964
4236
3309
3550
3741
3347
3449
4866
4526
4001
3638
3496
3749
3204
4000
2124
4343
4555
797
4798
4435
4527
2167
2068
2250
2706
2336
2197
2803
4687
4724
4458
3043
4539
4796
5814
4886
3346
3528
5625
4171
5482
4293
3477
2841
1962
2298
1599
1702
2265
2212
2401
2536
3103
1435
1617
2342
2646
2472
3270
2981
1176
10530
1406
916
387
903
917
1381
955
3792
1161
2803
1947
3217
1425
1209
5913
3294
1660
2770
509
770
3311
1545
3395
519
796
779
634
1059
882
1346
1134
3408
8873
3248
946
5727
1039
1460
1477
3326
3413
787
3074
3414
1394
1445
5046
1925
3009
339
566
469
328
685
1534
1153
2121
1016
1103
1663
1236
1768
8012
2683
559
1676
2379
2260
1333
1164
1004
1155
978
1303
1912
4073
7613
1369
1485
7823
2039
225
272
331
6863
6549
6872
7401
7000
7111
6362
6609
625
522
166
336
165
263
482
776
944
2644
6415
7077
6852
5762
835
698
6573
4764
4438
6732
4712
5045
5214
5314
5578
5617
1757
5968
5504
5144
4507
4900
2853
164
2708
3132
3670
3460
3847
4376
4722
4567
4215
1641
1592
