31450
1736
1261
9379
9531
1948
2621
2735
1454
6623
2818
9708
9962
9700
11209
7692
7786
7107
7334
10097
303
729
10477
7589
7919
8207
10043
7958
8031
10180
1018
1284
8163
2002
1148
8258
8431
1873
2582
2153
2271
6787
7255
2791
2587
57
148
8436
8611
261
347
10428
11834
11286
10699
12050
11975
12286
1118
1279
12251
988
870
7109
9002
8766
6943
7840
8139
7468
6724
7338
9396
6808
2611
2774
9951
9835
9200
9075
7186
7413
7055
7246
25043
8213
7550
6796
7008
7650
7731
7874
7381
7042
7126
23182
24620
6982
6784
5226
7676
6895
10532
10048
6561
5998
3695
2528
2454
2117
2414
3933
25365
2502
2379
2404
1121
1178
3484
3134
6051
6547
3933
2789
3745
2582
2593
2388
751
1388
1541
2499
1289
2737
1867
2466
2054
2561
2214
3405
2768
1500
1807
1561
1425
1436
2307
11534
11364
2507
1114
1285
1485
1785
1286
1063
1326
1091
1133
1203
4250
2582
3082
3493
3247
1857
2078
3807
1380
1638
3552
4164
3922
4581
4380
4647
4384
21759
1015
1180
5383
5017
5174
4698
2166
5489
6307
2011
5567
2211
2592
2157
2655
2249
497
3106
2637
4420
2810
2870
3147
1178
611
3265
5486
5634
200
6031
1796
1338
1960
1436
2027
1542
3286
5931
5753
4110
3984
3361
6159
213
445
2154
1399
573
1150
4002
2443
692
2658
2901
2665
2738
2900
5947
5500
2574
2718
2533
2843
2724
2895
969
530
2723
2437
4901
5000
4835
5091
5209
23840
5045
3090
2192
4760
5113
1242
4812
1405
8522
2448
1448
1008
1195
3607
1518
3409
1648
1439
5483
1793
4774
3679
4970
2078
2170
1913
3914
1984
2164
392
2391
729
2357
604
2675
3911
3603
3696
4168
4030
5118
887
738
4403
1489
944
1264
819
1979
2834
2089
1212
1683
3000
1951
2068
2838
2691
174
640
249
423
5208
3838
7396
361
746
5515
9673
5831
8157
5604
8964
1269
833
8100
5350
5225
2371
2489
2321
1276
2076
1234
1999
1204
17007
9194
7405
6964
6939
7144
6953
7091
7373
7631
7734
537
644
7539
7946
7745
1752
1636
8147
7995
8041
1901
8183
1999
3168
2666
3234
3395
3404
4571
722
905
800
928
998
447
419
3564
3458
1470
1295
3532
3445
1475
1150
3280
3444
900
7859
8041
7954
1221
1458
1070
8100
365
1409
216
4364
4542
3372
2805
3468
3009
1486
1696
1643
1764
777
643
2127
1872
2133
19999
1880
2427
2852
786
859
1018
1468
2198
1546
2790
2249
2433
2273
2506
3306
2895
249
971
1139
1467
822
1635
1260
1389
1866
1786
264
342
1978
1801
1896
2026
5253
5499
186
5534
287
5387
2345
2262
2300
2181
590
431
385
2369
2537
572
2440
2676
5512
6400
727
857
2731
2302
2203
2616
3021
2879
3238
3142
2969
3347
3595
3179
6667
229
2799
6566
6789
7290
623
2425
6768
3538
6975
3625
3704
3975
3678
4058
10996
5539
4141
2931
4546
3004
3187
2843
3075
3650
4188
12194
6770
6808
6687
2933
6425
6461
11093
10399
6126
7087
6968
7370
7536
8013
7405
6890
6138
9572
10109
10192
3690
6229
8011
9053
5595
3082
3216
13585
7746
7610
8636
7861
11761
6299
6232
3435
3294
3146
3862
4078
4870
4527
5036
5230
4699
4309
4118
4465
3640
3808
7135
6701
12416
12000
4102
4010
5397
4456
7367
7817
13021
10870
1157
732
1155
9814
998
940
9349
2763
3040
1798
9986
9511
10573
1380
10749
1598
3373
3268
1696
2361
2598
3295
10009
3392
10177
10774
1160
10321
613
11008
11194
3609
3455
3750
4321
3550
4519
1279
11038
11195
4040
3815
11028
7562
3730
2472
11180
7406
3704
9763
9864
3633
9076
7956
8549
3752
4220
3565
3655
12109
1198
12296
5389
5220
11482
10341
11249
1586
11893
10915
6079
7392
6233
6369
10670
11398
5738
3316
1985
11254
7010
11603
11474
5540
9467
9243
4405
6083
11923
8243
8972
4439
9087
11809
5335
7448
5813
9910
7308
4979
4885
4237
4859
5213
9935
3284
3864
12082
11963
4068
3617
3966
3532
3662
9308
5047
8769
9417
4394
4223
2722
7099
1462
1842
7411
8347
707
1273
18363
6584
2479
8877
7155
8872
6797
6591
3511
3637
2467
3140
17733
2373
2611
2813
1875
2918
2419
2978
2995
1436
15085
1210
1860
2617
2135
826
12082
2898
900
1511
2760
1157
1314
1196
643
479
2854
958
2904
4041
766
2678
4567
4026
360
501
1099
4099
863
1563
8289
2443
1071
2115
4076
2982
2867
1157
1330
2913
2059
3055
1432
4003
1833
3807
1269
1084
1389
779
755
726
7874
7997
8935
1168
1769
6775
4674
7627
13462
4469
4599
3114
702
3084
1610
1240
2087
138
1850
2923
3025
3075
3188
1027
835
3266
727
1268
3980
3229
3413
4212
1990
1038
1272
3611
6721
1073
1638
3336
3407
3495
1655
3579
1787
2037
1929
4384
6978
4134
2853
7373
6744
7142
7056
6821
6575
4208
4217
6628
2505
2723
508
927
1548
1369
1711
1258
1829
1927
2030
1716
2234
943
2284
580
9135
903
2849
527
2858
2213
2496
2124
2536
2473
2373
1055
2203
1496
1984
5208
2054
1150
2359
1933
2603
2170
2521
2791
2488
2487
2660
2089
1052
492
1676
926
497
452
624
323
474
526
2545
1056
2053
481
342
2489
2021
266
735
2144
2372
3480
2477
1798
3230
1536
1202
628
2420
2579
491
2769
520
165
261
2085
2132
3351
2436
399
501
736
2391
1983
1004
1882
797
1293
1455
1133
381
794
805
584
551
1612
1041
1216
2502
473
1886
1048
509
1215
2569
1476
1480
227
88
2046
1029
394
1190
979
2047
2218
1745
1860
853
4759
51
4195
878
542
1663
3369
722
502
505
3145
524
680
864
738
3665
1043
2466
2856
2762
3583
3430
3289
1044
3162
1727
3277
3388
2303
2114
546
2530
1939
2284
2533
3011
2156
1770
3555
2061
2283
2878
3130
2562
2972
3155
3616
2698
2341
2544
671
529
659
660
225
79
4612
4133
4218
4389
4038
7243
5465
4488
4476
3379
3135
2830
4717
6154
4378
4220
4023
6620
6474
