1069
4816
4910
4153
4110
2302
4258
4355
7077
1881
2400
17335
759
1125
1404
1586
5438
1717
5572
5652
5699
2868
878
1061
1563
2008
5529
8066
7644
7752
6145
7976
2974
3918
11233
11207
8655
8793
8335
8186
10791
9361
1054
4914
1898
10120
2951
2741
3183
3215
3545
3275
3666
3783
10939
9880
11144
11934
4122
3810
4175
4258
14185
14249
4730
12381
13717
14312
3549
15151
1719
6807
4055
6510
6362
17068
11411
14832
14683
14057
14270
3921
5512
6072
6381
17229
15680
8169
14621
15509
14796
16113
15887
15489
15770
10970
16885
7644
7240
7009
17337
7778
22921
7930
17239
23065
8484
8149
7656
1440
3889
1925
4018
2096
2387
2530
6867
4504
22641
17349
17615
10790
12878
12583
13472
11084
10917
3308
22575
22344
22530
23138
22672
23300
8010
15115
15727
19806
19643
8067
15127
15363
15315
22698
7861
8056
8450
8140
8494
8293
8456
8396
13793
13365
5279
8363
5745
5575
11057
19505
18575
19302
10430
9255
9434
13095
13995
10676
10676
6082
6261
6986
7192
10873
10757
456
1490
1112
7071
6504
9906
9828
13263
10343
6914
7246
6429
7050
7041
7605
4624
5236
7178
7668
12353
12141
5730
5886
7037
12208
10285
10644
11760
10806
10845
10829
10637
10515
10334
10196
11699
11910
11818
7475
7298
14032
12288
11445
7572
8112
7732
7685
9248
7409
10890
7266
10779
7217
10742
2553
933
12086
2752
10224
11948
3100
9730
10324
11844
6906
11297
6653
10897
10584
10217
3147
4716
7299
11540
11511
12268
4461
4795
4271
2804
4122
3509
2808
2666
3242
3004
6571
3839
5901
6224
10844
5547
5672
4600
4122
6911
8055
3171
2550
2120
9966
3042
8953
7349
6878
7542
7341
7671
9776
9326
7774
7874
3274
6915
5299
4647
5081
10947
7500
7729
10401
2989
2702
9054
10144
10186
4843
8814
8860
7952
4900
3204
4299
2922
1701
1634
2916
4422
3618
7340
1680
2539
1228
2083
335
1303
654
1212
809
1482
1716
1627
