917
4981
1854
2483
1217
2074
5320
2381
561
320
1129
709
822
460
1577
520
165
840
797
212
619
557
529
592
1940
336
389
694
527
928
202
1067
489
78
371
267
454
210
168
281
131
807
274
257
276
50
293
361
283
309
210
198
101
566
495
346
580
109
252
192
99
314
796
6482
518
149
383
398
180
254
291
963
284
285
1555
845
1253
901
747
3145
1046
943
916
303
1029
888
486
408
377
584
576
311
468
639
528
153
239
1103
1231
1022
3290
1931
1770
684
230
879
422
20
251
622
395
712
261
1551
1734
975
504
375
1538
1510
1081
97
387
1105
227
604
733
522
392
436
481
1907
385
523
278
1614
1015
997
244
677
802
379
230
178
566
392
527
199
113
77
533
267
116
825
85
202
103
381
755
196
89
184
148
203
215
269
1848
478
142
528
268
619
297
436
92
291
541
215
211
257
415
328
275
297
168
120
147
267
142
141
730
36
436
185
384
160
196
444
199
159
85
125
536
6855
170
255
483
384
425
463
511
533
207
631
76
222
107
253
349
219
135
143
220
3414
144
612
633
304
706
586
89
713
750
279
2943
1352
482
175
1385
564
316
850
59
545
729
150
106
182
413
204
374
3039
1982
1134
1013
356
552
740
497
299
858
294
765
5273
30721
308
310
562
891
271
199
519
1703
1843
2311
1622
116
3436
244
1413
409
232
1078
2148
2413
1486
2783
3246
4676
4749
5691
5844
7132
6999
7110
762
740
7018
7290
281
2412
455
7470
7683
8254
1709
27206
1731
9359
9085
958
723
1421
1606
9602
9697
1631
1748
641
3007
733
898
1043
1423
564
935
1707
757
328
1056
1282
1050
1373
1467
8257
8459
4259
1254
1889
735
1405
899
1480
988
1554
1943
8128
8367
370
8440
8517
815
3682
3707
1204
1235
1701
2152
1837
1977
2530
2791
2978
3215
618
560
214
2819
102
7559
110
8272
7996
9146
8177
2298
2445
2539
2228
2516
2669
7710
7672
161
8635
512
12970
2998
2805
8943
12673
3009
3377
3662
8832
2533
2858
12300
3498
840
3602
1006
713
1244
2293
2684
3083
3085
3111
3138
4584
3920
3443
1010
1340
3560
3387
18198
12250
3622
2399
3700
1841
3789
3977
4515
17347
4560
3786
2744
18991
2418
2632
8274
2869
3277
1246
840
4331
3344
4106
3501
3582
3632
3777
979
702
2223
1213
3870
3961
4156
4029
2566
2329
3699
3596
4004
4058
3826
5711
5772
3056
5883
5708
5932
4695
3686
4760
3757
3673
3918
3835
10121
4046
17553
17500
4848
5015
2813
15876
1578
2887
3185
1414
17138
3285
2332
15959
15799
21742
2199
2006
19161
1352
1991
2234
1978
4428
14996
1451
15566
2071
2224
1477
1609
1519
1583
993
979
1293
1666
1915
1401
1610
1470
13861
1093
1227
15134
1186
330
560
789
590
977
816
1106
1167
1296
1626
1571
1676
881
1462
1294
1871
4270
3943
4976
13558
13431
14340
14699
863
15119
4202
14589
4150
4134
9715
14961
14785
15127
14976
16380
16888
9789
9644
9926
10009
10752
11397
11804
253
383
10744
10067
10577
10756
3113
3367
10896
11477
11808
17181
17314
16497
17437
11598
11699
11527
11839
11673
11712
11851
6930
9405
7905
9371
7990
9512
8376
8243
9029
9418
9434
9534
9623
15174
15055
14903
9815
15463
9409
8308
9382
8453
14540
14751
15944
14952
15549
15830
7723
7525
16622
9587
9055
13868
15003
9317
9561
16765
9093
9464
9442
9546
8078
5603
1463
2189
4616
4363
4758
4956
2423
5096
2255
5012
5518
5047
4943
4071
2270
4631
4537
5138
5355
5380
5803
919
4367
4659
1505
5553
1100
5383
6206
5451
5755
6219
5953
6750
6028
6409
6739
6544
7141
6874
1895
1670
6546
6348
3555
5704
6232
258
2387
2020
