3931
3829
3088
2583
2630
2153
3182
3190
428
4189
4106
3846
4371
9078
10278
9728
9769
9916
1119
4914
1245
8086
1816
2503
3677
2244
5444
1953
4224
2113
4259
3347
3281
4004
2360
4098
2143
4272
5213
4901
4896
7467
28365
4603
4710
4320
4105
4182
6974
13804
6707
6346
7137
13589
7030
5891
5814
8062
5875
4307
4916
5371
5239
5508
7505
7224
4239
4023
14188
13801
5336
5240
9319
5133
9149
5338
4858
4840
4226
4549
4620
8308
8217
8075
7921
7694
7764
6239
6817
5777
5913
5694
8406
5376
8258
3753
4305
4007
10230
10515
3516
3478
3926
4128
10118
10123
530
11202
1179
948
1097
558
1361
1041
1573
1253
1610
1725
2713
10129
41976
10340
10472
10269
10047
902
1621
1472
10385
9404
953
1416
1095
2592
9457
9667
10038
2327
10248
5050
4887
10541
10700
5282
5489
12447
12351
2722
264
3150
2553
449
2364
650
891
1259
2955
1030
3087
1483
1341
1703
1456
1655
1827
1678
1279
2369
2734
2063
2202
23771
17216
3088
3611
3423
10477
10039
10888
10690
3872
4000
1414
1297
1150
4602
1599
15582
4482
14253
10995
14094
2023
3848
1814
1826
2082
2137
2245
14813
15241
2144
2010
1822
2656
2373
4893
2745
3479
4530
3639
3558
992
4925
1139
2603
3629
4403
4625
2643
1297
2210
5548
5640
6214
4954
5178
7685
6719
6375
15198
15463
6798
16442
16769
16587
16681
6893
17220
13006
34576
7929
12109
1464
1288
10983
6393
10044
18877
5959
5697
802
6384
5615
1244
893
18485
18418
1071
5421
1145
6019
5228
5831
2243
1319
4905
1519
1474
9335
1599
1778
5470
5317
15064
15274
3224
2099
5112
2016
5450
5245
2525
2980
2969
2631
38248
2677
2564
2635
2485
2493
2494
2578
1079
1236
14082
4829
14695
5109
2575
2669
3246
3259
5376
5604
14870
16130
1309
2399
1440
2139
1861
2081
11875
11221
14568
16620
15483
16710
30220
14228
16274
12650
16157
11506
10181
9921
22761
21305
22447
22221
8512
8158
10841
20942
7836
8308
7632
13823
7440
15494
7690
7288
11867
6868
6213
6686
20050
12675
12520
20364
2287
2625
5980
16148
5631
6487
7529
4115
3599
5044
3359
2220
2832
3059
2927
7297
7468
2968
12178
1075
1006
1203
1368
1661
896
1493
6174
5894
4921
5366
6359
6545
12351
7022
7109
942
1472
1716
2120
1596
2278
7565
1815
2882
7175
2077
2210
3075
14965
2784
2534
15955
1482
1295
1142
1024
8010
1120
15725
16024
2748
7772
2863
1277
1199
2884
7653
2218
2191
1528
1243
2923
3010
16650
17023
3098
3050
3094
2921
3160
3279
2912
3272
3976
3639
14673
14454
14595
3220
3020
29614
14506
21553
21248
2289
13311
3333
6248
6270
6296
6805
9116
8878
8717
8353
9097
20218
8379
821
1293
1106
944
1479
1409
1206
1421
1032
4651
4435
1070
7070
2461
7220
2133
6629
2047
7086
6818
6715
7223
10241
10316
252
341
10565
10332
3574
3803
3681
10501
7560
10345
7359
4244
4418
1099
873
4028
781
7410
1186
7477
10633
2302
11705
7086
8362
8290
8887
10566
8637
9047
8688
4395
9127
9009
10520
8493
8385
7716
7800
4179
1444
7912
1508
1826
2221
2197
2290
2354
2488
7301
7397
2948
5890
2579
2385
2782
8265
7899
3060
3232
2770
2414
6546
9650
6877
1845
9950
8616
7149
1128
1790
3237
6303
4987
5102
5265
4842
5334
2968
4649
2781
4666
4439
3373
2926
3451
3650
3668
2304
2759
2439
2161
2179
2199
2258
1191
1206
2111
2204
1858
1956
2459
1390
1367
1549
1872
1725
1876
2155
1913
1859
3822
2131
2162
480
564
496
598
1070
967
2059
1957
2111
2035
119
2340
231
120
172
479
296
2423
2232
1909
2457
172
522
2424
2490
434
456
350
394
1897
2078
603
452
589
463
715
509
1753
763
2700
2591
2273
2361
748
1928
2126
2351
3115
2759
2884
314
3064
599
2497
1974
1774
2646
2458
2139
2509
2498
2594
2389
2342
1187
772
807
1276
99
212
677
835
913
747
748
813
834
832
1619
2026
2121
2234
4333
1337
1421
1200
1266
1608
534
7482
170
647
185
429
642
368
198
225
661
643
415
563
593
648
525
961
479
348
399
149
282
532
645
386
718
720
190
147
962
1168
1596
824
438
408
998
1444
299
263
1646
112
232
485
148
279
984
2343
612
437
487
1215
445
551
465
634
656
787
690
6999
901
362
506
727
1481
1343
13727
272
335
184
227
255
394
378
987
584
287
735
332
467
346
1700
1583
427
566
207
606
128
861
238
988
659
756
925
811
435
1740
1566
1038
1202
1259
1361
289
811
289
692
203
1185
255
426
516
335
561
361
547
668
884
1020
462
1242
1233
3463
3881
1011
849
147
2632
172
2421
172
200
271
1185
228
435
438
342
841
1049
560
1368
1574
1230
1006
1400
2189
1783
1742
1943
2578
2072
2985
856
2697
987
1236
273
318
466
428
1426
2914
201
2994
3728
3093
3282
3541
3796
3741
3826
916
719
1192
4046
4086
926
3785
2367
2559
500
1403
1254
2458
994
929
679
788
2011
1754
3777
1612
3971
5209
1750
5310
5382
5543
1010
1056
362
559
1454
990
5845
5968
1825
5724
2015
6514
8716
3665
2367
2215
2531
3353
9669
1477
1279
6714
1152
1344
1286
1833
1988
2169
2265
2490
1931
2113
498
1599
198
1197
904
1931
4834
570
725
1354
1100
5400
5201
5118
5369
4099
6278
5977
5481
3605
3462
4823
3087
3395
961
1187
1212
1016
2456
402
394
5251
533
636
2011
2987
4075
706
689
911
2685
2617
2276
428
1694
975
1351
1336
1193
1070
1159
1262
3026
1432
1066
2550
2977
3129
3330
3509
819
423
2622
325
626
617
528
632
1828
2995
957
717
2821
2829
344
537
199
720
2031
3071
2033
3724
736
711
631
948
657
809
735
842
935
1347
1135
1007
1440
1096
652
694
792
1033
804
927
533
691
301
666
1209
1347
165
481
1526
1548
1459
1111
1594
1478
621
1682
667
828
377
450
1270
1399
632
1332
1045
673
204
