9778
6585
2177
5954
3893
7050
4498
4656
1778
3756
2694
3751
3993
3855
4065
3925
4038
4099
6043
6218
6123
6097
6137
5978
5913
2775
3059
6168
5539
5403
6042
3223
5793
9575
6248
5955
4226
3684
3505
3336
3805
4387
5846
6000
2950
2237
1690
2854
2093
4632
2955
942
4634
3872
3758
7952
3523
3464
10167
2381
3910
16268
2219
2046
2295
579
3893
3439
157
2993
3299
3072
358
540
946
662
2240
2209
1393
1080
106
906
539
714
499
456
517
169
6225
277
298
3211
831
1702
12164
363
460
332
418
424
387
430
677
432
137
185
118
421
284
756
161
314
340
87
147
267
514
228
99
3269
36
2420
2591
247
313
667
1103
66
5283
4956
80
81
4782
3221
233
5339
177
304
405
473
550
5840
5172
575
5122
4097
225
732
227
433
893
40
70
447
765
5884
7386
441
1217
220
73
217
638
528
41
137
304
662
129
387
3343
517
152
322
479
258
342
212
360
366
582
626
600
650
198
764
1039
1928
2053
145
3038
363
2221
2702
934
2507
2908
279
227
239
828
5973
1146
3046
2428
5802
267
236
6046
79
1845
167
1874
5502
59
77
579
569
2935
5281
9777
9318
9509
9732
9842
10268
10463
9838
9761
11046
11162
9995
9925
15234
10051
15925
10075
766
1036
853
1270
39
123
163
1502
82
1978
1316
2679
850
2727
194
556
1298
1403
2358
2957
449
4969
361
413
299
93
72
543
790
475
786
632
2517
1653
10111
2762
10233
2848
10192
10270
3011
3209
1561
1663
14193
518
1429
1469
2106
2847
3643
3757
9898
9819
10093
10324
4662
4770
5377
5238
2380
1398
3398
1227
614
3135
529
2360
3311
591
6059
5082
5874
1295
1081
4889
4914
4790
5167
4980
6120
5665
9505
10037
10382
11510
10147
255
13248
802
842
554
184
371
11184
5255
5391
1759
3816
1827
3886
643
201
11790
15117
680
1069
6783
949
14835
3834
1120
11557
15076
14876
3411
3247
3491
4749
3633
3903
5320
4483
5234
5146
5762
5617
14851
6198
15208
17140
16588
6333
2554
6645
2730
2860
2994
3094
3998
3524
3427
8431
8367
16939
17180
5463
5630
4326
3657
3834
3998
3313
3199
4339
18716
19141
2337
4792
3174
4837
13158
13018
14373
3045
3209
14543
5021
5115
4742
15201
5211
1749
14955
2679
2855
2943
5371
6110
6273
5986
5234
5115
5915
5311
4948
5630
4833
5685
4363
4573
4154
4742
5439
3972
3463
3233
4322
4510
4224
4670
4414
6762
1374
10403
9725
1975
2023
10323
1754
1594
1839
2057
2849
2300
2972
1549
995
1071
1932
809
536
515
4137
3995
3682
2899
5375
5272
2823
2741
3122
2885
2548
3041
3272
3619
5395
5473
4939
4449
2064
4545
2245
4437
4306
3767
3989
5287
3868
2478
2812
3900
3370
4419
3667
3785
9624
4921
4533
3941
4867
5263
3401
4976
5106
3476
2666
719
1020
734
943
305
490
427
1690
303
755
433
4028
3855
1246
3306
268
784
4106
5532
4569
4658
5736
5969
6048
3355
949
467
1015
6081
517
6840
6072
6990
6391
1356
1080
660
764
6996
7068
7104
520
1418
1521
2741
1462
3030
7072
6900
7778
2528
2037
3128
3496
7501
10441
7600
8081
8969
2806
1548
630
815
1320
945
2864
2638
3017
2752
7947
3210
7527
669
2421
1589
5751
974
4466
7873
9056
4392
2977
3563
5198
7756
9008
4320
465
9047
854
1475
7727
1682
3022
10152
10026
2666
2444
2166
10371
10990
11092
3202
3531
3870
3914
1197
6506
6579
7416
1104
8042
4293
4022
6978
6779
1651
1851
1966
2245
3027
6971
2915
6789
7238
6862
7896
3942
10497
3660
7386
6981
4046
3526
3097
2951
4989
4838
4757
5049
6366
2886
4107
3262
3400
3763
2952
2973
3046
3536
3321
3129
2801
3790
3481
2837
3110
1743
1263
4244
370
2706
857
698
656
1843
1603
1575
656
720
953
1082
855
1355
876
239
254
767
806
690
713
416
366
1922
1855
